waypoint_mat = 
[	-50 -50 -200, 
	49.2612671936775 -37.8673648738053 -200, 
	147.576644390639 -19.5893286932074 -200, 
	244.04530396904 6.75071153353616 -200, 
	300.611271253984 89.2145905662292 -200, 
	297.12911907813 189.153945258083 -200, 
	275.251998747656 286.731563624418 -200, 
	268.554488727712 386.507028341615 -200, 
	256.186486486544 485.739243476431 -200, 
	306.578734102346 572.114132073915 -200, 
	1100 1100 -200];

numi = 2;

numj = 2;

listofblockdims_z = [368 373, 347 332];

listofpeakdims = [1.13377508949488 1.18805507195648, 1.16592552289367 1.16486849670764];

StreetGap = 300;

waypoint_list = 
[	-50 -50 -200 -1 0 0, 
	49.2612671936775 -37.8673648738053 -200 1 100 0, 
	142.04712400137 -0.574137922220317 -200 2 200 0, 
	147.576644390639 -19.5893286932074 -200 2 200 0, 
	244.04530396904 6.75071153353616 -200 4 300 0, 
	44.9287853287571 -18.559171194023 -200 1 100 0, 
	300.611271253984 89.2145905662292 -200 5 400 0, 
	297.12911907813 189.153945258083 -200 7 500 0, 
	229.002781523057 105.612850487041 -200 5 400 0, 
	275.251998747656 286.731563624418 -200 8 600 0, 
	268.554488727712 386.507028341615 -200 10 700 0, 
	49.1439742779609 -36.9434934086093 -200 1 100 0, 
	327.821351942261 284.32740186135 -200 8 600 0, 
	418.497508313217 326.49177860037 -200 13 700 0, 
	426.76666175517 269.842041457567 -200 13 700 0, 
	256.186486486544 485.739243476431 -200 11 800 0, 
	306.578734102346 572.114132073915 -200 16 900 0, 
	1100 1100 -200 17 1852.98520173962 1];

