waypoint_mat = 
[	-50 -50 -200, 
	-6.20319643424117 39.8990544856971 -200, 
	2600 2600 -200];

numi = 5;

numj = 5;

listofblockdims_z = 
[	58 49 90 93 16, 
	47 94 55 24 93, 
	10 56 74 57 57, 
	60 15 29 14 52, 
	90 51 15 77 81];

listofpeakdims = 
[	1.13217786878813 1.19063474256545 1.10891804327257 1.18943216288462 1.16427830227185, 
	1.15053805473726 1.10795866323169 1.17389003506396 1.13260429233778 1.18579288064502, 
	1.11779457547236 1.1493487787433 1.12066322127357 1.19083286847454 1.13481875993311, 
	1.15273871368263 1.15860370853916 1.18352101922501 1.12580390030053 1.10439296381082, 
	1.19375874157995 1.18272094132844 1.10818618298508 1.15621782981325 1.17767331006471];

StreetGap = 300;

waypoint_list = 
[	-50 -50 -200 -1 0 0, 
	-6.20319643424117 39.8990544856971 -200 1 100 0, 
	2600 2600 -200 2 3753.27414141442 1];

