waypoint_mat = 
[	-50 -50 -200, 
	49.4700999101679 -39.7189872161725 -200, 
	128.998504972185 20.9047110238033 -200, 
	223.934087924433 52.3250084367322 -200, 
	273.857147028254 138.971925114225 -200, 
	370.780049097509 163.587998206285 -200, 
	368.150120349554 263.55340959833 -200, 
	461.643076222309 299.036746563379 -200, 
	552.373422208615 341.084389983732 -200, 
	1249 1249 -200];

numi = 3;

numj = 3;

listofblockdims_z = 
[	122 198 181, 
	107 218 242, 
	114 129 129];

listofpeakdims = 
[	1.16090305717662 1.15134029334877 1.13744466269854, 
	1.10696703726426 1.12209698474035 1.17065641211811, 
	1.13497604390141 1.16316650863737 1.14150018242653];

StreetGap = 183;

waypoint_list = 
[	-50 -50 -200 -1 0 0, 
	49.4700999101679 -39.7189872161725 -200 1 100 0, 
	128.998504972185 20.9047110238033 -200 2 200 0, 
	223.934087924433 52.3250084367322 -200 3 300 0, 
	273.857147028254 138.971925114225 -200 4 400 0, 
	370.780049097509 163.587998206285 -200 5 500 0, 
	368.150120349554 263.55340959833 -200 6 600 0, 
	421.475073209168 348.149209745382 -200 7 700 0, 
	252.716972662159 148.093194940262 -200 4 400 0, 
	126.710386608925 23.7943036031021 -200 2 200 0, 
	244.230042187478 247.732404145865 -200 9 500 0, 
	461.643076222309 299.036746563379 -200 7 700 0, 
	552.373422208615 341.084389983732 -200 12 800 0, 
	1249 1249 -200 13 1944.37727336598 1];

