waypoint_mat = 
[	-50 -50 -200, 
	-16.0199825843298 44.0497656372984 -200, 
	-6.33508838560631 143.579674832271 -200, 
	-0.06666435183568 243.38301575898 -200, 
	48.1156197205244 331.009880940672 -200, 
	124.0780788735 396.046061635977 -200, 
	213.606392050155 440.595821901806 -200, 
	305.117132801715 480.916837850078 -200, 
	300.095678745618 580.790683271001 -200, 
	284.468599997206 679.562108338128 -200, 
	367.894512654783 734.69936522719 -200, 
	453.113050023904 787.023364392655 -200, 
	551.454576488992 805.160182540183 -200, 
	633.764657878164 748.370654441177 -200, 
	705.343716883557 818.202153865881 -200, 
	664.470062251996 726.936912086439 -200, 
	615.498001083915 814.124854056357 -200, 
	664.316295436171 901.398986171987 -200, 
	729.192155816857 977.498412844372 -200, 
	1402 1402 -200];

numi = 3;

numj = 3;

listofblockdims_z = 
[	324 304 25, 
	90 287 288, 
	159 335 171];

listofpeakdims = 
[	1.12540023566689 1.14547140852083 1.17887713452801, 
	1.15534035959281 1.14734069693368 1.13491247859783, 
	1.14612898644991 1.1676865199348 1.19271408515051];

StreetGap = 234;

waypoint_list = 
[	-50 -50 -200 -1 0 0, 
	46.6729124518371 -24.4197732989043 -200 1 100 0, 
	-16.0199825843298 44.0497656372984 -200 1 100 0, 
	48.3267846983616 -31.7834303206656 -200 1 100 0, 
	145.856197950305 -9.6924015820216 -200 4 200 0, 
	-6.33508838560631 143.579674832271 -200 3 200 0, 
	244.072466356134 9.11091249912323 -200 5 300 0, 
	-0.06666435183568 243.38301575898 -200 6 300 0, 
	48.1156197205244 331.009880940672 -200 8 400 0, 
	244.765085308861 5.03960444202264 -200 5 300 0, 
	322.142711599842 71.6012062061243 -200 7 400 0, 
	124.0780788735 396.046061635977 -200 9 500 0, 
	283.482583041916 101.017619016184 -200 7 400 0, 
	98.9596365996195 417.119612955109 -200 9 500 0, 
	48.4045573319774 330.850384923021 -200 8 400 0, 
	42.4358564160338 333.901167134142 -200 8 400 0, 
	213.606392050155 440.595821901806 -200 12 600 0, 
	305.117132801715 480.916837850078 -200 17 700 0, 
	404.933785527659 486.969592478214 -200 18 800 0, 
	12.6998134822345 342.564753209542 -200 8 400 0, 
	-37.5662190661915 49.2239945360499 -200 1 100 0, 
	303.336475515136 169.81691515498 -200 11 500 0, 
	212.430327840528 349.207187797376 -200 12 600 0, 
	300.095678745618 580.790683271001 -200 18 800 0, 
	332.58572514972 577.070238384948 -200 18 800 0, 
	38.5294453157028 433.824837764855 -200 16 500 0, 
	312.42741465876 349.970488437308 -200 23 700 0, 
	292.229491021927 409.474040673136 -200 23 700 0, 
	16.2175543374583 342.048228583355 -200 8 400 0, 
	284.468599997206 679.562108338128 -200 24 900 0, 
	367.894512654783 734.69936522719 -200 30 1000 0, 
	453.113050023904 787.023364392655 -200 31 1100 0, 
	251.039081399811 533.325503061897 -200 17 700 0, 
	368.210929963168 734.217594539167 -200 30 1000 0, 
	541.61830603076 833.57247457922 -200 32 1200 0, 
	640.750753703537 846.716211430059 -200 35 1300 0, 
	222.651081936874 379.212670205008 -200 12 600 0, 
	380.176048455439 650.577900403209 -200 30 1000 0, 
	94.6403004867615 275.485832007102 -200 8 400 0, 
	98.4234351645129 260.694869999926 -200 8 400 0, 
	512.938876228697 867.153698966485 -200 32 1200 0, 
	638.744815954457 857.372497059083 -200 35 1300 0, 
	308.834284183858 375.783064101899 -200 23 700 0, 
	210.553707423505 540.549216624398 -200 17 700 0, 
	421.839670150884 63.8219738743348 -200 11 500 0, 
	177.848532095054 330.951048067447 -200 39 500 0, 
	736.578594847931 878.073987522885 -200 42 1400 0, 
	432.295160718153 583.153557605905 -200 19 900 0, 
	436.13394146553 807.797794455067 -200 31 1100 0, 
	521.807194189232 66.3703336688161 -200 45 600 0, 
	290.683766628686 600.375411654453 -200 44 800 0, 
	814.365383626544 815.23120359735 -200 47 1500 0, 
	641.276426297864 841.834379010237 -200 35 1300 0, 
	364.489350064667 667.849375919748 -200 51 900 0, 
	113.048308140581 367.024319508858 -200 29 500 0, 
	551.454576488992 805.160182540183 -200 32 1200 0, 
	716.111832491966 794.01364012428 -200 42 1400 0, 
	451.854262770359 789.024463423509 -200 34 1100 0, 
	106.315889822729 412.375090191704 -200 15 500 0, 
	318.038665100646 676.006495863835 -200 25 900 0, 
	260.744575110987 386.881773543706 -200 46 600 0, 
	656.358494000874 818.368582239208 -200 47 1500 0, 
	403.545245871891 407.874086773793 -200 43 800 0, 
	107.419885066716 383.062066120838 -200 29 500 0, 
	178.019500006812 330.69370361429 -200 39 500 0, 
	376.07026687163 652.42486483373 -200 51 900 0, 
	36.61242310367 336.413357816995 -200 8 400 0, 
	56.8672332305368 325.593302865156 -200 8 400 0, 
	360.626405263898 382.021731845835 -200 61 700 0, 
	727.841991262073 865.368042087065 -200 52 1600 0, 
	702.995143148762 780.744202967249 -200 42 1400 0, 
	362.984458795148 459.853026571064 -200 43 800 0, 
	346.745482891824 443.897429155884 -200 27 800 0, 
	373.686057378866 481.165291831524 -200 69 800 0, 
	649.601919023069 824.320014311325 -200 56 1300 0, 
	389.480391883067 764.676272125457 -200 54 1000 0, 
	621.793414066334 64.7102629811926 -200 50 700 0, 
	756.318799948909 815.551272391986 -200 62 1600 0, 
	49.5620511925101 330.19885874526 -200 8 400 0, 
	791.206649231155 788.005776605364 -200 70 1700 0, 
	343.28077981895 445.091831248961 -200 27 800 0, 
	566.510238546465 148.039552576385 -200 77 800 0, 
	342.806482450142 181.520258469823 -200 13 500 0, 
	399.853330410837 587.748479922297 -200 24 900 0, 
	522.762257355105 166.365772836556 -200 50 700 0, 
	294.170648563541 406.813784364947 -200 23 700 0, 
	673.826766510295 763.728187327003 -200 42 1400 0, 
	367.840510947578 542.029025384595 -200 81 900 0, 
	388.324500429843 585.580604279835 -200 19 900 0, 
	136.672608472864 385.851929487669 -200 68 500 0, 
	349.157977583883 856.186396729705 -200 76 1100 0, 
	52.5296976399255 328.433722429951 -200 8 400 0, 
	-5.17337696135245 39.3900098833812 -200 1 100 0, 
	749.49262900291 829.109203327435 -200 87 1500 0, 
	633.764657878164 748.370654441177 -200 56 1300 0, 
	808.349659341165 730.153440622653 -200 78 1700 0, 
	393.096589476735 392.196732184727 -200 86 800 0, 
	729.737618483098 709.128921578719 -200 80 1800 0, 
	619.887106267073 164.692091283012 -200 77 800 0, 
	270.192855902678 369.476076709473 -200 65 600 0, 
	330.954916496613 593.437559263468 -200 33 800 0, 
	724.581429365374 786.514613429368 -200 53 1400 0, 
	646.35802022161 836.677421754456 -200 56 1300 0, 
	705.343716883557 818.202153865881 -200 95 1400 0, 
	462.774410252892 766.74063553313 -200 34 1100 0, 
	109.624012034461 374.356901528249 -200 39 500 0, 
	266.277058464188 632.157704570239 -200 33 800 0, 
	301.716288732229 440.439241841902 -200 37 700 0, 
	722.74620549366 678.46157772937 -200 96 1800 0, 
	191.04944266319 302.042889539992 -200 39 500 0, 
	24.6971623411202 340.268272054875 -200 8 400 0, 
	782.594719366891 781.689258843762 -200 70 1700 0, 
	15.7182797387385 342.129334880542 -200 8 400 0, 
	659.999006547691 183.533921955386 -200 82 900 0, 
	617.188394423782 199.285442310709 -200 85 800 0, 
	431.106299720071 563.036628509737 -200 74 900 0, 
	20.2534694134344 341.296713287781 -200 8 400 0, 
	664.470062251996 726.936912086439 -200 104 1500 0, 
	221.630920940022 374.058724263202 -200 12 600 0, 
	405.077554852527 645.953724260296 -200 25 900 0, 
	732.157661998317 800.113868496116 -200 53 1400 0, 
	650.777158479525 793.540169341663 -200 56 1300 0, 
	604.738286053224 844.065323773801 -200 95 1400 0, 
	116.1526985565 373.144506630963 -200 39 500 0, 
	-5.34692055880021 39.4768265888878 -200 1 100 0, 
	599.605573750554 900.703909062272 -200 62 1600 0, 
	398.044843614293 748.968480031398 -200 38 1100 0, 
	384.599086421911 441.049401074558 -200 43 800 0, 
	490.721436724994 697.578577749821 -200 120 1000 0, 
	363.800810315718 842.922437816295 -200 127 1200 0, 
	615.498001083915 814.124854056357 -200 118 1600 0, 
	-11.7952668525071 143.960484666766 -200 3 200 0, 
	707.277088538233 902.700056330214 -200 78 1700 0, 
	746.578113821569 799.914735324937 -200 75 1400 0, 
	344.452750519611 12.9370347094944 -200 10 400 0, 
	53.1345053794748 430.135026227718 -200 79 500 0, 
	380.872100228308 123.71744153094 -200 13 500 0, 
	323.532423950113 69.824297672107 -200 7 400 0, 
	479.118928542398 713.168863790887 -200 120 1000 0, 
	408.023564436633 470.07574539635 -200 69 800 0, 
	339.988431187337 638.072045188374 -200 88 1000 0, 
	429.536882285842 583.895789297791 -200 19 900 0, 
	365.24494699844 400.542135009859 -200 100 700 0, 
	641.475405298997 814.961566024135 -200 70 1700 0, 
	771.425516262113 741.945532601695 -200 87 1500 0, 
	304.973830661894 699.349115585986 -200 51 900 0, 
	574.833204349299 151.153835875935 -200 50 700 0, 
	562.068756055152 778.599509497427 -200 105 1200 0, 
	430.776046120989 587.459091189317 -200 101 900 0, 
	698.226569248268 808.569677488049 -200 123 1500 0, 
	739.0033245515 865.328903921097 -200 36 1400 0, 
	533.811938003618 796.886691737358 -200 139 1100 0, 
	203.176639079607 640.276739719326 -200 44 800 0, 
	660.978636680127 757.104870150692 -200 109 1900 0, 
	399.360973640038 687.747267839003 -200 84 1000 0, 
	254.134825185725 196.614214712968 -200 13 500 0, 
	96.0454000118654 270.99589470609 -200 8 400 0, 
	292.590339405159 779.231749397927 -200 30 1000 0, 
	368.349272687416 432.872513711863 -200 27 800 0, 
	674.559064495635 158.553350594715 -200 147 800 0, 
	335.073424331776 112.49620425335 -200 135 500 0, 
	727.22184392397 804.797132333963 -200 118 1600 0, 
	353.722752272401 858.064661176097 -200 76 1100 0, 
	788.666632686525 603.265186335167 -200 109 1900 0, 
	513.326498506142 104.197216752806 -200 45 600 0, 
	327.670664218285 685.586830630246 -200 158 1100 0, 
	419.485880248417 782.730664874227 -200 163 1200 0, 
	540.44286655376 835.741976286487 -200 32 1200 0, 
	286.885346629134 165.179612985265 -200 11 500 0, 
	344.868107622925 545.079232407521 -200 81 900 0, 
	805.057989313496 881.750224741912 -200 133 1800 0, 
	562.772835042711 767.30191937829 -200 105 1200 0, 
	664.316295436171 901.398986171987 -200 131 1700 0, 
	479.122264542239 665.057068960291 -200 38 1100 0, 
	401.665265031447 636.134742592242 -200 88 1000 0, 
	316.503112949605 798.682270423282 -200 146 1000 0, 
	495.300807645843 772.233850440952 -200 127 1200 0, 
	398.738778940759 586.777517481133 -200 19 900 0, 
	716.688528196417 718.335838734688 -200 122 1400 0, 
	474.643493604821 669.256946446141 -200 66 1000 0, 
	638.200246095783 737.010723598492 -200 103 1400 0, 
	495.852096817576 718.169058892714 -200 167 1300 0, 
	592.395232298709 741.50050594989 -200 62 1600 0, 
	866.382974721328 540.335303284827 -200 164 2000 0, 
	427.482109294589 567.312838201943 -200 101 900 0, 
	373.123559621124 151.153185791107 -200 45 600 0, 
	454.671807640204 191.197832652498 -200 137 600 0, 
	281.756218931327 101.738849925429 -200 7 400 0, 
	635.657393076787 805.593624549814 -200 173 1800 0, 
	703.36779970328 827.566262068559 -200 123 1500 0, 
	440.235064829283 779.012314102363 -200 155 1100 0, 
	341.361865165914 245.51660214236 -200 156 600 0, 
	695.783876784593 802.704709557182 -200 123 1500 0, 
	729.192155816857 977.498412844372 -200 173 1800 0, 
	1402 1402 -200 194 2595.53252145466 1];

