waypoint_mat = 
[	-50 -50 -200, 
	49.6775724957565 -41.9761891003581 -200, 
	91.7616036221085 48.7372846736973 -200, 
	190.069675082506 67.0545739310461 -200, 
	237.032578143993 155.340958702637 -200, 
	243.771085427831 255.113662983846 -200, 
	315.934937227977 324.340669949094 -200, 
	409.027201514538 360.862311889199 -200, 
	486.692849164342 423.854749333201 -200, 
	582.95170978426 450.951460428 -200, 
	665.947980425908 506.733348703483 -200, 
	735.705955625156 578.384063257499 -200, 
	835.505328864343 584.715342833175 -200, 
	935.137195648312 576.142646574617 -200, 
	1504 1504 -200];

numi = 3;

numj = 3;

listofblockdims_z = 
[	134 270 120, 
	288 144 116, 
	254 176 208];

listofpeakdims = 
[	1.14422122910619 1.10798317026347 1.11771671962924, 
	1.19536161681172 1.11700095853303 1.12573019519914, 
	1.19669992271811 1.11062417391222 1.18895734590478];

StreetGap = 268;

waypoint_list = 
[	-50 -50 -200 -1 0 0, 
	49.6775724957565 -41.9761891003581 -200 1 100 0, 
	67.8194121069753 56.3644111394249 -200 2 200 0, 
	91.7616036221085 48.7372846736973 -200 2 200 0, 
	190.069675082506 67.0545739310461 -200 4 300 0, 
	237.032578143993 155.340958702637 -200 5 400 0, 
	243.537823164322 151.559941457026 -200 5 400 0, 
	243.771085427831 255.113662983846 -200 6 500 0, 
	315.934937227977 324.340669949094 -200 8 600 0, 
	409.027201514538 360.862311889199 -200 9 700 0, 
	486.692849164342 423.854749333201 -200 10 800 0, 
	582.95170978426 450.951460428 -200 11 900 0, 
	665.947980425908 506.733348703483 -200 12 1000 0, 
	735.705955625156 578.384063257499 -200 13 1100 0, 
	679.953712865341 661.400250999714 -200 14 1200 0, 
	34.149285958488 4.026823640453 -200 1 100 0, 
	660.052723653082 759.399999103337 -200 15 1300 0, 
	741.226569477226 817.802111686 -200 17 1400 0, 
	570.147697164321 478.057475098662 -200 13 1100 0, 
	31.8453354827314 7.45729770637629 -200 1 100 0, 
	699.338532047684 908.606254324435 -200 18 1500 0, 
	315.701055624464 220.787594031005 -200 7 500 0, 
	798.579726045971 920.902002117648 -200 21 1600 0, 
	623.177362635495 542.504160293662 -200 12 1000 0, 
	892.383129242435 886.24768710838 -200 23 1700 0, 
	585.102679871178 441.617215948277 -200 11 900 0, 
	893.204683962197 888.55826486679 -200 23 1700 0, 
	835.505328864343 584.715342833175 -200 14 1200 0, 
	499.454673895472 318.167203986825 -200 10 800 0, 
	806.949000654832 648.558335857217 -200 14 1200 0, 
	935.137195648312 576.142646574617 -200 28 1300 0, 
	1504 1504 -200 31 2388.35846965989 1];

