waypoint_mat = 
[	-50 -50 -200, 
	15.8308932625147 25.2747865640242 -200, 
	114.317960609214 42.6038824852434 -200, 
	191.257651995039 106.480982368175 -200, 
	254.632251108742 183.835104347403 -200, 
	353.196501121019 166.950536851686 -200, 
	392.458018955382 258.920821277374 -200, 
	486.808834898657 292.055750443411 -200, 
	580.562755150425 326.84371441696 -200, 
	1261 1261 -200];

numi = 3;

numj = 3;

listofblockdims_z = 
[	119 225 186, 
	247 294 108, 
	232 112 154];

listofpeakdims = 
[	1.1716897019418 1.13556027305312 1.12188778328709, 
	1.11472946838476 1.11383052032907 1.1121545749018, 
	1.13848990418483 1.13029184667394 1.18057387096342];

StreetGap = 187;

waypoint_list = 
[	-50 -50 -200 -1 0 0, 
	15.8308932625147 25.2747865640242 -200 1 100 0, 
	114.317960609214 42.6038824852434 -200 2 200 0, 
	191.257651995039 106.480982368175 -200 3 300 0, 
	44.7938948446721 120.988654625826 -200 2 200 0, 
	254.632251108742 183.835104347403 -200 4 400 0, 
	353.196501121019 166.950536851686 -200 6 500 0, 
	392.458018955382 258.920821277374 -200 7 600 0, 
	421.984797452451 354.462274854264 -200 8 700 0, 
	113.486961699472 46.7990123906659 -200 2 200 0, 
	127.06799301083 145.87249819045 -200 10 300 0, 
	271.884072781962 165.636542302047 -200 4 400 0, 
	6.69419327685448 32.3757758609087 -200 1 100 0, 
	486.808834898657 292.055750443411 -200 8 700 0, 
	225.803734544834 130.021525231974 -200 11 400 0, 
	187.242080488272 114.32813538549 -200 10 300 0, 
	32.7791265378348 6.10362028989871 -200 1 100 0, 
	353.637779905446 351.078235738208 -200 8 700 0, 
	371.866374547844 167.517853971086 -200 12 500 0, 
	222.041646733702 177.17753130859 -200 11 400 0, 
	326.34323659932 253.531119728271 -200 6 500 0, 
	28.9299004361612 129.872305681849 -200 13 200 0, 
	459.759692664996 332.883546456241 -200 8 700 0, 
	248.788760547639 193.144416531392 -200 16 400 0, 
	422.103660107526 224.722418099613 -200 21 600 0, 
	580.562755150425 326.84371441696 -200 14 800 0, 
	1261 1261 -200 26 1955.70013847571 1];

