waypoint_mat = 
[	-50 -50 -200, 
	49.1106023962314 -36.692539962257 -200, 
	148.124564832735 -22.6841409594191 -200, 
	248.101118462255 -20.5187947137329 -200, 
	347.906242953659 -14.2788327542893 -200, 
	392.248902147319 75.35223649982 -200, 
	1594 1594 -200];

numi = 3;

numj = 3;

listofblockdims_z = 
[	273 255 64, 
	243 216 228, 
	42 201 45];

listofpeakdims = 
[	1.11134906217922 1.19728481392376 1.16010404922999, 
	1.19310714202002 1.15669482790399 1.15081495516933, 
	1.1324264660012 1.1419795863796 1.18617480271496];

StreetGap = 298;

waypoint_list = 
[	-50 -50 -200 -1 0 0, 
	-9.93449372437147 41.6228967391752 -200 1 100 0, 
	-5.99729202060834 141.545358892306 -200 2 200 0, 
	45.6658567435864 -20.8788074846581 -200 1 100 0, 
	49.1106023962314 -36.692539962257 -200 1 100 0, 
	148.124564832735 -22.6841409594191 -200 5 200 0, 
	248.101118462255 -20.5187947137329 -200 6 300 0, 
	347.906242953659 -14.2788327542893 -200 7 400 0, 
	392.248902147319 75.35223649982 -200 8 500 0, 
	1594 1594 -200 9 2436.61992419117 1];

