waypoint_mat = 
[	-50 -50 -200, 
	49.6469297207259 -41.6042035974714 -200, 
	149.297957699381 -33.257190790647 -200, 
	235.656346280809 17.163328064468 -200, 
	226.103628033439 116.706010236923 -200, 
	300.127984174119 183.939890817757 -200, 
	354.647662147488 267.770700868001 -200, 
	454.639383605985 266.483984206746 -200, 
	553.346939351764 250.458428406897 -200, 
	578.265174665151 347.304086796247 -200, 
	578.726354137544 447.303023358064 -200, 
	577.093971894514 547.289699111449 -200, 
	534.797555592261 637.90434013588 -200, 
	507.20084273454 734.021047525639 -200, 
	570.438756246973 811.486951603459 -200, 
	662.384790503422 850.805227055363 -200, 
	760.360439577209 870.824522461802 -200, 
	1344 1344 -200];

numi = 4;

numj = 4;

listofblockdims_z = 
[	223 254 50 392, 
	149 280 84 349, 
	292 408 315 180, 
	242 45 402 9];

listofpeakdims = 
[	1.13694505246822 1.19107027251739 1.15125515873078 1.16110937239137, 
	1.1090850984212 1.17587590112817 1.17539656057488 1.16504125252832, 
	1.15612957526464 1.1797441189643 1.15859066795092 1.14315675424878, 
	1.10953164442908 1.10536044500768 1.19503888608888 1.11063801867422];

StreetGap = 111;

waypoint_list = 
[	-50 -50 -200 -1 0 0, 
	49.6469297207259 -41.6042035974714 -200 1 100 0, 
	149.297957699381 -33.257190790647 -200 2 200 0, 
	39.5037769364755 -5.40096509894376 -200 1 100 0, 
	235.656346280809 17.163328064468 -200 3 300 0, 
	226.103628033439 116.706010236923 -200 5 400 0, 
	300.127984174119 183.939890817757 -200 6 500 0, 
	354.647662147488 267.770700868001 -200 7 600 0, 
	454.639383605985 266.483984206746 -200 8 700 0, 
	-1.35994794244844 37.3735963311496 -200 1 100 0, 
	-1.35517519648733 37.3709392180006 -200 1 100 0, 
	391.39863562746 224.801464249072 -200 7 600 0, 
	448.15467155145 303.21698688399 -200 8 700 0, 
	234.738665415317 18.7032313111793 -200 3 300 0, 
	338.825713370391 276.148815304772 -200 7 600 0, 
	367.08183630737 258.217624254627 -200 7 600 0, 
	283.756500969681 105.865446734867 -200 14 400 0, 
	322.905200666316 66.026784843708 -200 5 400 0, 
	553.346939351764 250.458428406897 -200 9 800 0, 
	606.058552055711 335.437754634804 -200 19 900 0, 
	236.419446912913 15.8329927210935 -200 3 300 0, 
	241.970903714189 4.31573931783081 -200 3 300 0, 
	549.960225603268 236.252591897937 -200 9 800 0, 
	642.25649077645 296.23059970629 -200 19 900 0, 
	466.238154589202 245.255196056478 -200 16 700 0, 
	563.226228242052 220.897167213624 -200 25 800 0, 
	399.482923606264 130.337377667384 -200 18 500 0, 
	329.873302510094 194.596729920011 -200 17 500 0, 
	598.172531865453 435.12632311464 -200 20 1000 0, 
	233.813073185677 118.698947614551 -200 14 400 0, 
	414.124725828556 107.002365732519 -200 18 500 0, 
	391.60338417098 224.341019458108 -200 7 600 0, 
	394.903495676255 135.42596002369 -200 18 500 0, 
	48.537813645487 -32.9618286788962 -200 1 100 0, 
	326.100240010979 115.88284985559 -200 6 500 0, 
	590.24400747484 327.779729502713 -200 23 900 0, 
	645.359301045494 289.621233407843 -200 19 900 0, 
	635.61389953982 307.310405165992 -200 19 900 0, 
	333.798514356556 120.405275210478 -200 30 500 0, 
	595.877728733527 535.099989040151 -200 29 1100 0, 
	422.617058981672 142.04587062496 -200 35 600 0, 
	353.396247361112 218.466117859735 -200 39 600 0, 
	-5.64633111685512 39.6256216525406 -200 1 100 0, 
	258.54645422079 115.827837833904 -200 14 400 0, 
	552.139219187335 320.280657946344 -200 26 900 0, 
	145.948736044986 -10.3540380464874 -200 34 200 0, 
	691.001107694313 565.947076019032 -200 40 1200 0, 
	635.256505651615 307.824123282583 -200 19 900 0, 
	777.815736932189 615.577914721296 -200 47 1300 0, 
	578.265174665151 347.304086796247 -200 19 900 0, 
	744.455419324102 276.206340858437 -200 37 1000 0, 
	598.211315171718 535.126315593915 -200 29 1100 0, 
	503.881383853452 151.090259084344 -200 31 600 0, 
	350.650239495087 292.414514036814 -200 28 600 0, 
	576.979222716158 219.330320291833 -200 53 700 0, 
	680.212920701656 592.360367438183 -200 52 1200 0, 
	260.971324484533 115.201146305019 -200 14 400 0, 
	578.726354137544 447.303023358064 -200 50 1000 0, 
	515.444315311387 179.235929542596 -200 41 700 0, 
	620.118758362953 538.334165680021 -200 58 1100 0, 
	708.325158549845 585.447125320335 -200 60 1200 0, 
	342.197786541405 164.148118559941 -200 18 500 0, 
	298.420863860385 162.983049474591 -200 18 500 0, 
	363.589347945585 288.741449794212 -200 28 600 0, 
	610.27686463994 210.965845833813 -200 59 800 0, 
	602.019707354577 337.81380405685 -200 19 900 0, 
	462.867294741523 286.942978082895 -200 16 700 0, 
	562.552453005388 267.44490506665 -200 59 800 0, 
	577.093971894514 547.289699111449 -200 58 1100 0, 
	452.03495698377 234.910112629159 -200 42 700 0, 
	486.30133156605 256.470425913265 -200 32 700 0, 
	534.797555592261 637.90434013588 -200 69 1200 0, 
	395.3019268902 135.01021786979 -200 18 500 0, 
	603.847060783314 153.710075099735 -200 53 700 0, 
	274.067710638692 110.644659415259 -200 14 400 0, 
	542.307714594542 277.931377526264 -200 70 800 0, 
	336.228184813246 22.0148887686504 -200 21 400 0, 
	680.972912132978 478.996839661729 -200 52 1200 0, 
	329.988868811091 121.820053644148 -200 77 500 0, 
	560.919774660556 419.894421280442 -200 45 1000 0, 
	565.080147767664 367.412953758163 -200 68 900 0, 
	538.827248025579 349.398706169759 -200 19 900 0, 
	530.92193866249 461.398148074753 -200 81 1000 0, 
	596.841606053565 317.337900244395 -200 55 800 0, 
	606.440572874326 707.670220584146 -200 72 1300 0, 
	530.275833386537 331.899024255607 -200 9 800 0, 
	605.083133745718 509.613971626591 -200 80 1100 0, 
	356.951981741812 174.000764995932 -200 17 500 0, 
	607.320691711272 403.677331081968 -200 45 1000 0, 
	591.437912858 309.175284767948 -200 65 900 0, 
	607.498404137926 403.55947062764 -200 45 1000 0, 
	481.343537847537 268.504033562795 -200 12 700 0, 
	422.464872039596 75.400782712521 -200 18 500 0, 
	374.52246676951 211.737414678836 -200 39 600 0, 
	466.726972734418 266.634677565323 -200 16 700 0, 
	400.054141546239 180.097616381663 -200 7 600 0, 
	674.654254589892 240.768327392894 -200 55 800 0, 
	265.078623326836 113.989573217705 -200 14 400 0, 
	405.252372134231 94.3727602456194 -200 77 500 0, 
	603.609754613484 336.908699672904 -200 19 900 0, 
	503.946605354969 370.280851254649 -200 76 900 0, 
	144.287928251545 -4.11888235008466 -200 34 200 0, 
	610.80681545223 401.262835914705 -200 45 1000 0, 
	618.990861094596 632.943545524224 -200 52 1200 0, 
	500.65852696202 204.57209932518 -200 41 700 0, 
	44.4590792819506 -17.174973858256 -200 1 100 0, 
	383.7523229437 106.779551619609 -200 17 500 0, 
	236.944447188368 104.18933309914 -200 22 400 0, 
	652.476081819383 619.122357766594 -200 52 1200 0, 
	692.384818774596 607.45447031318 -200 60 1200 0, 
	681.476232179144 590.506398617927 -200 52 1200 0, 
	236.925813873011 118.679310358239 -200 14 400 0, 
	299.510479715764 94.8912360903338 -200 14 400 0, 
	148.93073963092 -29.6574429605286 -200 2 200 0, 
	333.189824619089 165.496511445072 -200 18 500 0, 
	284.442130050996 94.8485782960032 -200 22 400 0, 
	548.855034220064 259.927559420509 -200 70 800 0, 
	365.396420279663 170.117845983445 -200 113 500 0, 
	372.299334761864 115.282633146781 -200 77 500 0, 
	483.649460773344 263.424517025647 -200 32 700 0, 
	544.12586386636 359.815671564876 -200 117 900 0, 
	416.376285266794 193.752127101216 -200 99 600 0, 
	750.736192338392 305.664696693752 -200 97 900 0, 
	664.608403697204 589.967828019441 -200 87 1200 0, 
	272.969889026328 205.043734797534 -200 6 500 0, 
	148.945460457308 -29.7804227488528 -200 2 200 0, 
	511.95332805736 223.16350060553 -200 122 700 0, 
	346.402051599392 121.496004738556 -200 77 500 0, 
	471.586660322255 103.365125728491 -200 119 600 0, 
	244.275300339303 7.86372125798045 -200 46 300 0, 
	144.025693167831 -8.54896180142094 -200 2 200 0, 
	555.868488041623 558.236516886265 -200 83 1100 0, 
	391.378710487957 199.845479540509 -200 63 600 0, 
	593.262275995703 608.912850381861 -200 87 1200 0, 
	429.434674921304 185.2408160899 -200 28 600 0, 
	770.799470388083 268.265554146135 -200 97 900 0, 
	705.13783679769 590.981637624152 -200 60 1200 0, 
	542.3797302087 318.700150397909 -200 26 900 0, 
	285.942191805355 104.59967410845 -200 14 400 0, 
	359.989229626905 220.568647749877 -200 128 600 0, 
	478.43638620167 354.875860170116 -200 76 900 0, 
	710.239267080886 208.223930766884 -200 65 900 0, 
	678.19097804708 284.36661694776 -200 65 900 0, 
	545.666382645201 336.160363931205 -200 23 900 0, 
	664.470638785822 267.758123402493 -200 55 800 0, 
	333.851473560682 52.3171709667878 -200 130 400 0, 
	-25.2240433291973 46.8821550702012 -200 1 100 0, 
	37.1207802881976 -0.908558363238015 -200 1 100 0, 
	640.948618340171 294.362205510436 -200 76 900 0, 
	612.157134294339 310.948167201276 -200 65 900 0, 
	246.49231923476 118.010087176687 -200 14 400 0, 
	339.969502984229 279.280193020514 -200 125 600 0, 
	582.009885363441 369.712299488495 -200 76 900 0, 
	536.86477563938 615.830846629477 -200 40 1200 0, 
	400.075777553983 180.709008818069 -200 7 600 0, 
	687.526171357521 453.017632969936 -200 87 1200 0, 
	618.741470391038 423.633235475838 -200 36 1000 0, 
	351.033107628177 225.289128521751 -200 33 600 0, 
	540.390642806684 737.747804495907 -200 72 1300 0, 
	743.725528221408 271.618862697945 -200 37 1000 0, 
	335.310293040277 122.193787265776 -200 108 500 0, 
	418.408593790717 95.6764374846102 -200 18 500 0, 
	568.449396718153 602.662181235348 -200 87 1200 0, 
	535.373922035562 614.719643492147 -200 40 1200 0, 
	440.907314945864 269.136897667026 -200 158 700 0, 
	421.302172947531 206.744454405528 -200 31 600 0, 
	527.937497514096 608.476586003013 -200 40 1200 0, 
	248.088085883081 -16.7028806665287 -200 114 300 0, 
	470.956398014449 245.514542547346 -200 53 700 0, 
	691.675994892845 570.68406643149 -200 52 1200 0, 
	527.915761715004 202.603867202298 -200 135 700 0, 
	594.72496639012 192.892693366375 -200 53 700 0, 
	595.356923282687 654.209142724046 -200 159 1400 0, 
	309.507881331114 85.1077819936208 -200 14 400 0, 
	222.491598567917 215.087197802581 -200 151 500 0, 
	318.977082149334 165.949604484251 -200 18 500 0, 
	623.02285463113 301.049294275138 -200 26 900 0, 
	424.861487518164 68.3197227670381 -200 77 500 0, 
	648.826024068977 257.518993741822 -200 117 900 0, 
	543.586544081146 301.368367808705 -200 171 800 0, 
	337.102124650656 45.0548584854068 -200 130 400 0, 
	507.20084273454 734.021047525639 -200 72 1300 0, 
	393.610492591528 171.147452558876 -200 93 600 0, 
	470.475991299493 157.310267460186 -200 178 600 0, 
	502.754346874922 450.856308545442 -200 121 1000 0, 
	327.36058494724 63.5129394161721 -200 130 400 0, 
	390.100159020758 235.310533191792 -200 33 600 0, 
	425.126445478202 129.804438513619 -200 35 600 0, 
	441.147676751846 259.125950625779 -200 183 700 0, 
	431.030610800668 263.882207387979 -200 183 700 0, 
	536.065836586745 179.800953899924 -200 129 700 0, 
	147.016767972601 -15.5866868193828 -200 34 200 0, 
	441.135547513642 173.642351701126 -200 93 600 0, 
	467.58568095998 270.080883630386 -200 193 700 0, 
	523.081284456914 561.090294915056 -200 83 1100 0, 
	567.778417542201 657.524751734566 -200 132 1200 0, 
	547.892348635338 459.744714352672 -200 121 1000 0, 
	587.414428250268 352.194417674291 -200 117 900 0, 
	607.577798323906 569.325653447356 -200 72 1300 0, 
	636.778225872203 619.990469517796 -200 154 1300 0, 
	614.927769731389 408.291219041188 -200 144 1000 0, 
	530.786934026878 461.348971830725 -200 81 1000 0, 
	603.431324628686 440.331895543452 -200 121 1000 0, 
	597.068811285916 716.149408442678 -200 72 1300 0, 
	304.636758654092 90.2172618337526 -200 14 400 0, 
	545.409980722421 604.806705449895 -200 60 1200 0, 
	-6.29281613170014 145.073848388917 -200 147 200 0, 
	515.891335161834 413.479858069917 -200 45 1000 0, 
	43.5753315284163 -14.7344739249932 -200 1 100 0, 
	609.701703261217 339.28550084162 -200 117 900 0, 
	560.698893268352 502.879425946563 -200 208 1100 0, 
	335.815302921652 181.585341919532 -200 174 500 0, 
	658.701146793136 522.768073564337 -200 211 1200 0, 
	370.801730488893 139.205464252696 -200 181 500 0, 
	439.113128001323 237.688897497236 -200 118 600 0, 
	561.940995519584 448.895525345896 -200 198 1000 0, 
	653.166181517663 290.337650109592 -200 142 1000 0, 
	293.288196155492 99.7708108365689 -200 14 400 0, 
	560.125590400291 359.290402392056 -200 117 900 0, 
	387.158317690317 233.191500416422 -200 7 600 0, 
	585.445939266799 307.833926980873 -200 65 900 0, 
	521.296125304741 560.933788511743 -200 83 1100 0, 
	322.823063913342 182.613627457488 -200 151 500 0, 
	676.99250683212 249.743830466911 -200 172 800 0, 
	565.706956699087 322.195872418229 -200 92 800 0, 
	544.007293278963 601.476537921479 -200 211 1200 0, 
	544.993016416778 301.134914958072 -200 171 800 0, 
	344.162337616566 121.699637949724 -200 77 500 0, 
	571.001004111167 225.218233402142 -200 53 700 0, 
	341.000506217305 121.900948598921 -200 77 500 0, 
	771.292982549973 215.059257820903 -200 97 900 0, 
	516.006625335346 177.800435316377 -200 41 700 0, 
	649.777972663638 230.217911144831 -200 23 900 0, 
	580.442288557671 290.196976532941 -200 71 800 0, 
	370.046031944975 268.331382271751 -200 183 700 0, 
	505.950353014134 130.447803217268 -200 93 600 0, 
	310.062915764044 185.106241665649 -200 174 500 0, 
	768.001063860207 291.185868877992 -200 224 900 0, 
	537.43371292474 701.260244213271 -200 226 1300 0, 
	591.789455793384 181.747398089484 -200 236 700 0, 
	594.430653380786 653.606986475454 -200 159 1400 0, 
	457.064503762254 275.246915613878 -200 133 700 0, 
	440.696355943022 259.368320115505 -200 183 700 0, 
	511.94801344693 223.180765749006 -200 122 700 0, 
	36.9930769793056 -0.682614042585264 -200 1 100 0, 
	261.722250935434 203.407703349261 -200 17 500 0, 
	656.61142581499 595.315985117662 -200 87 1200 0, 
	425.033670455997 247.246131141681 -200 88 600 0, 
	490.534908870433 186.882134203171 -200 133 700 0, 
	444.349570418976 202.32528411779 -200 31 600 0, 
	586.271093410869 258.929433170283 -200 71 800 0, 
	537.991965068465 236.269306177481 -200 243 800 0, 
	548.920704709894 715.101459472587 -200 154 1300 0, 
	707.246933323223 577.453600819719 -200 199 1400 0, 
	550.234638865701 321.64803682747 -200 95 800 0, 
	380.083645325718 243.998963819349 -200 7 600 0, 
	431.248010630165 53.1794953235606 -200 77 500 0, 
	48.7252361896971 -34.0837272174508 -200 1 100 0, 
	562.214580229546 327.324731484931 -200 92 800 0, 
	359.045739351356 148.197483209903 -200 98 500 0, 
	609.988471147919 465.718542709968 -200 153 1000 0, 
	618.005683659529 304.558456136069 -200 26 900 0, 
	275.010197780913 191.843472707716 -200 113 500 0, 
	526.032462501626 260.013282358447 -200 250 700 0, 
	603.917283773145 150.509719318655 -200 236 700 0, 
	620.381557763152 401.532926763568 -200 221 1000 0, 
	288.270952521646 204.491178635025 -200 112 500 0, 
	380.433960665637 140.804864433827 -200 146 500 0, 
	536.549990123975 260.184628196445 -200 215 700 0, 
	519.168213321474 744.914957396408 -200 196 1300 0, 
	709.556437576519 198.983926224228 -200 65 900 0, 
	565.965595620219 646.668566289022 -200 69 1200 0, 
	555.8081799565 335.249947861605 -200 92 800 0, 
	342.345036105154 151.955815052821 -200 146 500 0, 
	600.667272010038 384.203424419459 -200 227 900 0, 
	749.585959706698 224.023904169351 -200 233 1000 0, 
	496.318355588542 229.982845416453 -200 236 700 0, 
	396.269027612687 280.025955267637 -200 96 700 0, 
	570.438756246973 811.486951603459 -200 182 1400 0, 
	352.289575047688 180.510127707716 -200 218 500 0, 
	601.544841785446 683.265476732692 -200 226 1300 0, 
	436.651720030536 304.825229857652 -200 152 700 0, 
	332.364665388986 270.930966040633 -200 88 600 0, 
	563.183840958127 646.31751468532 -200 69 1200 0, 
	609.967453573076 589.900164655791 -200 211 1200 0, 
	331.037839690775 39.148156416438 -200 168 400 0, 
	641.44949863768 881.896286674319 -200 279 1500 0, 
	427.394775296633 265.267706713343 -200 183 700 0, 
	505.945230401687 805.396025244757 -200 253 1400 0, 
	662.384790503422 850.805227055363 -200 279 1500 0, 
	292.77839033648 187.15059389316 -200 108 500 0, 
	340.307307184773 35.7537492470583 -200 130 400 0, 
	592.51243196414 278.940425892904 -200 171 800 0, 
	332.862622728674 139.131505864557 -200 286 500 0, 
	534.388883699206 209.750734249535 -200 193 700 0, 
	591.830384231578 363.062909349915 -200 68 900 0, 
	491.816405940194 269.478085251546 -200 191 800 0, 
	428.464837181091 139.2121108425 -200 79 600 0, 
	320.617197471956 149.373810774926 -200 6 500 0, 
	460.69715268973 283.39397397464 -200 122 700 0, 
	495.300500829681 135.54426849495 -200 73 600 0, 
	539.865006812136 318.796441127858 -200 9 800 0, 
	319.521197904943 249.316343039323 -200 274 600 0, 
	673.525549755774 573.765174389295 -200 69 1200 0, 
	559.602939250121 819.191583984979 -200 182 1400 0, 
	579.577066603556 745.737874642668 -200 272 1300 0, 
	623.828852594817 607.841249023608 -200 87 1200 0, 
	626.104482997266 657.221212235377 -200 306 1400 0, 
	363.742884139572 255.370088559047 -200 176 600 0, 
	570.204878986512 728.775547800703 -200 289 1500 0, 
	469.340498009729 145.640094527966 -200 257 600 0, 
	498.490134084053 708.174697997611 -200 154 1300 0, 
	618.410675889568 608.721875551575 -200 87 1200 0, 
	473.841872600545 155.502988805778 -200 178 600 0, 
	416.560699280365 175.226334271374 -200 93 600 0, 
	505.025242460772 235.070292228487 -200 301 700 0, 
	356.276250776193 155.013867819907 -200 98 500 0, 
	595.375694873183 216.284541366407 -200 277 800 0, 
	348.946946795982 121.202756442205 -200 77 500 0, 
	586.154424342435 251.051951682399 -200 71 800 0, 
	331.159363340496 121.886341390896 -200 77 500 0, 
	682.238264046828 260.548345658818 -200 231 1000 0, 
	531.311318395952 227.178467615391 -200 236 700 0, 
	416.699947973713 272.90215519561 -200 303 700 0, 
	592.204915066418 779.567701244548 -200 290 1600 0, 
	337.455183871462 159.552321795026 -200 151 500 0, 
	480.206210750413 224.78564799716 -200 298 700 0, 
	351.018249943662 181.42398523668 -200 218 500 0, 
	504.682360295056 239.186621829652 -200 311 700 0, 
	511.530507815415 506.846708889794 -200 80 1100 0, 
	482.807420248381 149.819838595331 -200 178 600 0, 
	655.67411837589 564.468382865219 -200 132 1200 0, 
	555.296621678201 646.346672433469 -200 182 1400 0, 
	294.735104101775 209.490846235637 -200 98 500 0, 
	550.578155112743 507.271246382988 -200 208 1100 0, 
	361.307443269503 168.999045938537 -200 17 500 0, 
	319.049698393556 175.737768024533 -200 112 500 0, 
	479.475183135251 255.01360007554 -200 256 700 0, 
	748.483917252784 214.182434763867 -200 233 1000 0, 
	317.085627269627 200.919012632183 -200 75 500 0, 
	624.775433448098 727.537410147055 -200 279 1500 0, 
	456.858584712341 217.568399433106 -200 236 700 0, 
	520.135853157622 221.972837646355 -200 166 700 0, 
	588.339740734626 783.594137161384 -200 290 1600 0, 
	287.696042817633 102.555774945649 -200 5 400 0, 
	520.650763670476 606.429945095183 -200 330 1200 0, 
	597.082002181284 680.71949205149 -200 167 1300 0, 
	740.560456115456 895.201101886814 -200 287 1600 0, 
	601.254121448228 771.665848103641 -200 290 1600 0, 
	474.769461646494 649.450846578719 -200 222 1200 0, 
	494.499962204715 213.634278035564 -200 155 700 0, 
	376.872381034388 142.590098913868 -200 146 500 0, 
	427.266728945527 300.855363419458 -200 250 700 0, 
	352.576523396962 258.402436063824 -200 326 600 0, 
	529.069132074794 244.173114400661 -200 190 800 0, 
	682.154024557683 585.660851165541 -200 40 1200 0, 
	418.748113076845 193.457900283921 -200 99 600 0, 
	-24.6449524870965 46.7322157588588 -200 1 100 0, 
	630.436860102424 240.374185913325 -200 323 800 0, 
	305.16678687385 293.4775223626 -200 246 600 0, 
	331.870634090746 152.29755041693 -200 146 500 0, 
	366.919356235299 146.691506118977 -200 146 500 0, 
	360.570711342527 220.524899480736 -200 319 600 0, 
	274.941631991566 302.530092164769 -200 246 600 0, 
	436.470515629786 741.826117804352 -200 350 1300 0, 
	517.789194020722 243.501616459229 -200 331 700 0, 
	267.495571418761 81.3957916240909 -200 168 400 0, 
	442.473940692622 356.456939712226 -200 297 900 0, 
	496.658517691459 707.392065613418 -200 154 1300 0, 
	722.991400476359 594.926563675492 -200 307 1300 0, 
	147.128450993896 -16.2320281052346 -200 34 200 0, 
	335.737592143042 139.03765700027 -200 286 500 0, 
	145.736758514344 -9.45937952182009 -200 34 200 0, 
	612.006087330052 609.374047376708 -200 87 1200 0, 
	589.480833370494 321.995010846362 -200 252 900 0, 
	39.65502874469 -5.70580375727759 -200 1 100 0, 
	327.07970089763 63.9300324276668 -200 130 400 0, 
	598.940178091555 408.985144912858 -200 255 900 0, 
	146.924387687566 -15.0709916872275 -200 34 200 0, 
	615.696299182696 613.048653325451 -200 213 1300 0, 
	520.802000848438 216.733660965102 -200 166 700 0, 
	511.320663767044 373.009254453624 -200 76 900 0, 
	652.679831384819 782.630783247772 -200 305 1500 0, 
	603.307712635571 770.121282738071 -200 290 1600 0, 
	433.815704002143 190.206658593769 -200 99 600 0, 
	380.268851448294 140.374753015277 -200 345 500 0, 
	614.675300005661 698.067002538966 -200 72 1300 0, 
	590.651431490048 596.043146045834 -200 213 1300 0, 
	331.303469244609 57.1191556484065 -200 130 400 0, 
	525.827337657916 748.299786278995 -200 196 1300 0, 
	389.847923223063 229.872129224897 -200 27 600 0, 
	307.660331469219 267.492225576514 -200 175 600 0, 
	472.503927592658 276.514967597056 -200 122 700 0, 
	582.1135575546 667.778424100171 -200 182 1400 0, 
	319.709639964528 191.663866976099 -200 175 600 0, 
	503.207106430606 472.67956190448 -200 382 1000 0, 
	554.529940324644 271.281102785537 -200 59 800 0, 
	433.008376526257 195.62408745772 -200 129 700 0, 
	750.478706349855 898.128181219718 -200 290 1600 0, 
	463.77650039864 147.741101450901 -200 257 600 0, 
	448.769131714865 165.419797684434 -200 178 600 0, 
	321.153795187677 147.777954558954 -200 6 500 0, 
	632.802619867387 287.303464223782 -200 269 800 0, 
	282.535110654936 106.541149219427 -200 14 400 0, 
	351.199901338663 236.056497039536 -200 386 600 0, 
	618.192100837766 459.525647739279 -200 296 1000 0, 
	595.050715627074 776.871997986519 -200 290 1600 0, 
	673.821895056999 289.291097365905 -200 276 1100 0, 
	566.751237944964 651.051037254988 -200 195 1200 0, 
	505.250330845019 95.0117075638572 -200 99 600 0, 
	43.8153406787818 -15.3780148846992 -200 1 100 0, 
	474.266680163217 255.788168813669 -200 133 700 0, 
	600.315997219527 690.762571307956 -200 164 1300 0, 
	694.91985139265 206.747198821026 -200 318 900 0, 
	550.5051489921 299.098242536983 -200 25 800 0, 
	524.76861475166 226.987312633191 -200 400 700 0, 
	393.464226979578 129.135846981499 -200 113 500 0, 
	655.695060210014 298.733152948157 -200 414 1000 0, 
	536.285148456893 638.583948271169 -200 69 1200 0, 
	666.050827141129 293.967442848063 -200 65 900 0, 
	568.86757277672 605.584506940822 -200 335 1200 0, 
	390.274591735263 141.431037401922 -200 377 500 0, 
	387.584523904788 107.277146155491 -200 345 500 0, 
	476.654190875582 168.038433761866 -200 268 600 0, 
	362.280650469593 172.736631994877 -200 113 500 0, 
	619.593833427646 382.245270305688 -200 138 1000 0, 
	749.646628478003 899.64549357079 -200 290 1600 0, 
	397.429316289678 254.58963206413 -200 395 700 0, 
	584.666019216746 347.847891564538 -200 269 800 0, 
	310.833932969636 76.8270019034697 -200 22 400 0, 
	41.3836871861196 -9.39185160254847 -200 1 100 0, 
	613.169201175743 796.996797247157 -200 390 1400 0, 
	657.177741877302 299.787674056129 -200 68 900 0, 
	364.526180935962 245.261211244445 -200 125 600 0, 
	656.050913389523 792.775901438332 -200 305 1500 0, 
	400.999564937855 234.536942761072 -200 214 600 0, 
	571.001972604607 496.923357760733 -200 208 1100 0, 
	611.132515762619 506.373786628583 -200 80 1100 0, 
	567.985350846426 519.64449713586 -200 80 1100 0, 
	336.391919393659 93.6917013672802 -200 108 500 0, 
	489.766864387357 347.476535687655 -200 397 900 0, 
	548.592519469838 301.980486581138 -200 25 800 0, 
	330.197269214964 145.346400697124 -200 30 500 0, 
	373.058714383088 114.985379203008 -200 77 500 0, 
	582.617813971078 301.844941790473 -200 329 800 0, 
	595.550701360461 535.091947230148 -200 29 1100 0, 
	441.76623210673 790.979367180609 -200 369 1400 0, 
	695.366496457978 525.001221953513 -200 40 1200 0, 
	628.995381863735 266.528571361114 -200 142 1000 0, 
	295.438361028562 278.790953516765 -200 223 600 0, 
	600.099980786778 689.412138713247 -200 285 1300 0, 
	48.1431648924436 -30.8187804116988 -200 1 100 0, 
	576.367125202351 332.280434449029 -200 355 900 0, 
	237.438224608872 13.9793771321356 -200 3 300 0, 
	302.270882048371 92.45551749016 -200 14 400 0, 
	327.310419678486 161.465091096573 -200 112 500 0, 
	582.115533056117 227.044171922396 -200 249 800 0, 
	606.167570760009 613.818925803175 -200 222 1200 0, 
	506.749119347389 558.432548193265 -200 83 1100 0, 
	326.662487104883 252.16183434754 -200 361 600 0, 
	307.072278996238 248.45224023102 -200 299 600 0, 
	569.727915810505 308.809623180094 -200 343 800 0, 
	498.579832722724 731.203110248519 -200 419 1300 0, 
	782.096165557142 277.7694995788 -200 142 1000 0, 
	567.46761438715 619.643156871672 -200 439 1200 0, 
	545.208717929682 509.085773512653 -200 208 1100 0, 
	591.210219003632 448.037344079668 -200 121 1000 0, 
	355.734247192005 147.138404796278 -200 57 500 0, 
	619.860956204364 436.209382410148 -200 66 1000 0, 
	605.349173243005 609.613617740894 -200 87 1200 0, 
	485.73964007387 247.436265379835 -200 315 700 0, 
	533.131175050955 431.858251063238 -200 86 900 0, 
	355.661901364108 237.032666577612 -200 372 600 0, 
	309.974171168922 84.5790134621289 -200 14 400 0, 
	304.023817969809 116.687370283678 -200 77 500 0, 
	619.305570211475 508.195347399112 -200 201 1100 0, 
	620.402388056427 604.805839364159 -200 439 1200 0, 
	330.202713332134 172.714473838657 -200 151 500 0, 
	396.091477185648 236.087479584411 -200 237 600 0, 
	482.570561567145 273.379216553698 -200 187 700 0, 
	613.596665643585 762.693195896016 -200 394 1500 0, 
	564.684486840371 548.857884538608 -200 216 1100 0, 
	599.303097906165 554.763015391457 -200 330 1200 0, 
	300.318544674804 233.687748300599 -200 294 600 0, 
	387.655678940616 829.102183933673 -200 365 1400 0, 
	320.666677913567 234.10439516379 -200 175 600 0, 
	-13.9489597899117 43.2755192951001 -200 1 100 0, 
	580.415861519808 872.135257341543 -200 289 1500 0, 
	540.61668120399 747.575567525551 -200 409 1300 0, 
	458.59794258301 758.623852304064 -200 485 1500 0, 
	589.256437453251 185.765940346267 -200 236 700 0, 
	616.158319819684 565.528026063844 -200 261 1100 0, 
	358.992712574207 161.498489364586 -200 116 500 0, 
	272.531031533155 80.2638270632251 -200 168 400 0, 
	317.224765526088 191.331102792776 -200 455 500 0, 
	658.961288589077 258.743616942306 -200 339 1100 0, 
	359.219074571711 149.046095384178 -200 146 500 0, 
	613.614306265192 160.19248247727 -200 59 800 0, 
	602.806034341257 297.09631649463 -200 323 800 0, 
	295.952164919437 209.104369277676 -200 98 500 0, 
	296.788887037934 187.442098335344 -200 6 500 0, 
	300.317160079783 207.575071707114 -200 98 500 0, 
	403.777892304317 276.868793158311 -200 360 700 0, 
	519.758334659155 190.997823915752 -200 129 700 0, 
	324.639694162895 189.921594894481 -200 455 500 0, 
	592.599656243713 388.533239380569 -200 180 900 0, 
	442.77837485503 745.666649566552 -200 485 1500 0, 
	590.611666647039 598.908127354753 -200 335 1200 0, 
	576.143754086594 772.226553526115 -200 488 1600 0, 
	524.607136713386 722.608030306402 -200 279 1500 0, 
	388.257798117519 289.717488979531 -200 122 700 0, 
	499.974340205223 793.979149488626 -200 239 1400 0, 
	567.50025726137 648.818233862408 -200 482 1200 0, 
	399.910539671786 99.1158464778185 -200 77 500 0, 
	144.61574503316 -4.49310319356919 -200 452 200 0, 
	281.494798783172 282.1885773341 -200 7 600 0, 
	376.216651806781 134.565541378506 -200 116 500 0, 
	584.701601224774 440.944797564904 -200 382 1000 0, 
	649.023755681883 863.076527222838 -200 344 1700 0, 
	509.731906967691 309.577141299803 -200 324 800 0, 
	574.466236844488 188.842367605652 -200 424 700 0, 
	306.28268838796 88.5706255440398 -200 14 400 0, 
	360.505540976954 118.126508507701 -200 367 500 0, 
	483.288443950384 749.087320525291 -200 350 1300 0, 
	463.014508817249 715.080173124326 -200 289 1500 0, 
	713.053567662261 473.391425580337 -200 476 1200 0, 
	558.328527235916 309.950940776763 -200 412 800 0, 
	458.338877627407 149.44000085588 -200 257 600 0, 
	523.721956677621 249.102256666318 -200 53 700 0, 
	319.448253155434 73.8108755931273 -200 130 400 0, 
	606.858834142525 422.690610841508 -200 82 1000 0, 
	566.343718238598 590.485886092251 -200 330 1200 0, 
	328.597862599934 150.571250570171 -200 30 500 0, 
	296.401562997776 97.4286215085938 -200 14 400 0, 
	325.523405589956 252.095910575595 -200 361 600 0, 
	254.406097987493 83.0973333765709 -200 168 400 0, 
	531.342569545579 358.382186437348 -200 117 900 0, 
	317.865457805693 245.150913043597 -200 175 600 0, 
	332.854652886708 132.510735707491 -200 30 500 0, 
	455.585274580141 233.118655191665 -200 473 700 0, 
	605.911170426871 487.643297347214 -200 506 1000 0, 
	318.860376053014 74.4750302135925 -200 130 400 0, 
	572.171659970706 648.211675941271 -200 195 1200 0, 
	379.649323269959 264.898354154091 -200 223 600 0, 
	419.681494644568 220.102035800945 -200 486 700 0, 
	420.027842149029 138.532974788316 -200 299 600 0, 
	599.084078645203 773.390629735202 -200 290 1600 0, 
	456.262947204929 756.348883380993 -200 485 1500 0, 
	536.378745298719 599.877005311901 -200 211 1200 0, 
	574.836229935438 372.492974856878 -200 76 900 0, 
	624.0432640931 564.72593028922 -200 261 1100 0, 
	573.087308647007 194.508299588548 -200 424 700 0, 
	350.287092004774 137.481120535097 -200 367 500 0, 
	480.927149243153 430.931390174306 -200 82 1000 0, 
	423.761886515993 90.0984440352396 -200 186 500 0, 
	534.501783464735 304.351602871956 -200 165 800 0, 
	421.010861825624 236.59028130882 -200 422 600 0, 
	505.326433877051 421.572559689388 -200 273 900 0, 
	593.436938157296 732.570177777312 -200 369 1400 0, 
	41.9019834452359 -10.5788706550462 -200 1 100 0, 
	609.725196098674 448.051617378431 -200 208 1100 0, 
	566.624032370683 596.827479994544 -200 437 1200 0, 
	532.5330154768 786.963253413265 -200 525 1600 0, 
	252.066603503928 112.903643775375 -200 454 400 0, 
	537.536912708467 762.20478226475 -200 447 1500 0, 
	374.240506709873 138.85143671941 -200 116 500 0, 
	600.777810600014 604.284250635262 -200 213 1300 0, 
	377.168604279073 241.449633380915 -200 361 600 0, 
	449.271015369161 750.339563885853 -200 485 1500 0, 
	549.091426512756 377.701018462827 -200 76 900 0, 
	752.790543909596 893.546305084141 -200 290 1600 0, 
	607.065277411541 587.636637310773 -200 541 1100 0, 
	519.441286692922 513.416827426241 -200 208 1100 0, 
	534.949453224167 221.108399104589 -200 311 700 0, 
	427.179862525004 156.181298106312 -200 39 600 0, 
	546.123629782224 775.23074869804 -200 569 1600 0, 
	738.341799472943 302.093941345008 -200 179 1000 0, 
	686.729700819402 268.43576372899 -200 231 1000 0, 
	754.311511189104 890.1686367651 -200 290 1600 0, 
	606.400998850796 616.38790058946 -200 195 1200 0, 
	573.482302707494 797.551807593387 -200 519 1800 0, 
	264.848476645261 402.019429358035 -200 364 700 0, 
	291.73500259178 100.870241409314 -200 14 400 0, 
	366.80469086751 246.523742129446 -200 468 600 0, 
	550.208859989897 593.213098893394 -200 87 1200 0, 
	398.174200369574 185.20344014612 -200 35 600 0, 
	665.986989504107 294.010303732091 -200 65 900 0, 
	525.662952189673 699.779565087482 -200 226 1300 0, 
	395.013831258631 206.200038863047 -200 501 600 0, 
	545.510512739558 620.112346346072 -200 52 1200 0, 
	592.295319070977 633.266588893364 -200 195 1200 0, 
	579.655866176929 593.25544225368 -200 573 1200 0, 
	366.327109855899 189.105978978073 -200 440 600 0, 
	695.980222219104 280.846704430003 -200 231 1000 0, 
	37.9065772426317 -2.32994989004911 -200 1 100 0, 
	351.834573115179 106.095395862115 -200 564 500 0, 
	478.380859393114 183.625790997472 -200 31 600 0, 
	750.320153455956 898.422156213028 -200 290 1600 0, 
	615.982462074867 218.217620077457 -200 504 800 0, 
	499.038460849523 299.133816470863 -200 557 700 0, 
	594.6696497359 437.543321517841 -200 66 1000 0, 
	583.248883166427 790.147645883728 -200 239 1400 0, 
	562.320942680368 703.322954346489 -200 525 1600 0, 
	656.851791510038 473.788682632344 -200 439 1200 0, 
	619.847268910162 665.459961172736 -200 492 1200 0, 
	663.548360477653 265.44157637826 -200 172 800 0, 
	522.282808909925 561.024276360049 -200 83 1100 0, 
	319.031120329844 241.166322365695 -200 175 600 0, 
	437.40251711228 156.307236580603 -200 326 600 0, 
	310.914578489028 243.46967947626 -200 443 600 0, 
	569.246980131991 602.513407152634 -200 211 1200 0, 
	667.115954334462 590.833271284409 -200 69 1200 0, 
	695.113147369562 279.840680403966 -200 231 1000 0, 
	356.704122222737 166.958276600736 -200 75 500 0, 
	501.332912635437 556.920342033908 -200 83 1100 0, 
	457.857716130177 281.16698429407 -200 434 700 0, 
	317.408381101938 246.564243302266 -200 175 600 0, 
	43.3849390921103 -14.2333514183557 -200 1 100 0, 
	512.320136983607 312.03367524332 -200 351 800 0, 
	413.704628997189 193.559708291552 -200 228 600 0, 
	441.912679970852 203.063958497712 -200 31 600 0, 
	636.709716664847 851.798936781674 -200 509 1700 0, 
	409.759966986715 305.106820638055 -200 589 700 0, 
	580.322566746849 747.992768796829 -200 513 1300 0, 
	449.7716454877 750.733780224515 -200 485 1500 0, 
	423.694358730096 276.34480126453 -200 460 700 0, 
	476.012611782358 718.801375812513 -200 72 1300 0, 
	477.701249288776 467.188524838026 -200 382 1000 0, 
	405.170433959076 94.4508348362915 -200 77 500 0, 
	474.515931534431 264.329709347536 -200 568 700 0, 
	347.908315799057 271.134551268434 -200 478 600 0, 
	536.827366075966 469.701591985219 -200 382 1000 0, 
	782.099146246967 613.388324991844 -200 170 1300 0, 
	486.072493518659 275.466426066045 -200 385 700 0, 
	374.331567371731 114.470998559198 -200 77 500 0, 
	360.585145607117 190.721015522253 -200 440 600 0, 
	397.635109204209 227.698408357966 -200 176 600 0, 
	538.533253391252 326.917344964816 -200 323 800 0, 
	654.556779084363 601.776073368726 -200 476 1200 0, 
	446.04289299336 637.897975152751 -200 459 1200 0, 
	580.190504356794 407.531953050494 -200 527 900 0, 
	436.391479725456 93.9882371112223 -200 440 600 0, 
	643.795369020851 845.869333191109 -200 509 1700 0, 
	482.032533543355 314.193416695715 -200 323 800 0, 
	519.845999704335 655.191729564457 -200 615 1200 0, 
	613.037007183853 258.977912711737 -200 343 800 0, 
	-15.9433592511285 44.022046461999 -200 1 100 0, 
	696.610083194122 531.711971723776 -200 483 1300 0, 
	268.326952737631 81.2276470990449 -200 168 400 0, 
	525.899599917915 325.507996264875 -200 25 800 0, 
	373.211516507113 246.568707414368 -200 291 600 0, 
	448.899919920295 750.050663095532 -200 485 1500 0, 
	576.139324875984 157.903932643304 -200 424 700 0, 
	354.025803267384 203.288764419691 -200 475 600 0, 
	591.405702279551 452.114734585434 -200 198 1000 0, 
	608.103810833759 707.805361946948 -200 134 1300 0, 
	541.464816643341 347.515624255466 -200 529 800 0, 
	769.375934546587 592.25152361684 -200 448 1300 0, 
	568.46686542415 778.703702637853 -200 622 1800 0, 
	307.609420164399 87.1857334726747 -200 14 400 0, 
	520.943537588573 568.432053305842 -200 632 1100 0, 
	460.313110792671 760.393395582662 -200 485 1500 0, 
	428.125147325221 228.180077141665 -200 386 600 0, 
	360.971661433866 209.605760437514 -200 35 600 0, 
	304.904090689471 65.5889269320425 -200 168 400 0, 
	516.512329294748 172.116405418847 -200 315 700 0, 
	457.421324878072 757.458938286023 -200 485 1500 0, 
	516.846357805848 163.556464273406 -200 546 700 0, 
	532.561096321978 613.159855186755 -200 439 1200 0, 
	733.968486853198 298.808070360835 -200 414 1000 0, 
	493.946508945734 894.618589491529 -200 305 1500 0, 
	583.290186778243 472.134987149384 -200 550 1000 0, 
	582.563238235326 641.476221386689 -200 195 1200 0, 
	286.163372114774 104.467440284823 -200 14 400 0, 
	521.109014227613 737.425664918822 -200 419 1300 0, 
	393.418468894515 272.511673211875 -200 315 700 0, 
	249.5215282168 117.604530430011 -200 14 400 0, 
	320.801528764544 185.536350247167 -200 564 500 0, 
	448.37207759531 258.197603938315 -200 664 700 0, 
	573.943706864052 247.757580536275 -200 412 800 0, 
	511.813808972115 789.630714394915 -200 603 1700 0, 
	382.138576301968 179.122012356075 -200 475 600 0, 
	398.855872282061 304.584120762184 -200 617 700 0, 
	339.7240598999 279.500975351975 -200 125 600 0, 
	591.919514573045 638.876433430163 -200 661 1200 0, 
	512.425625346473 711.111694417035 -200 669 1300 0, 
	636.244474444921 594.696644118185 -200 549 1300 0, 
	753.796565631463 891.350107964555 -200 290 1600 0, 
	545.83306980635 257.451256186446 -200 597 700 0, 
	558.035348119783 719.324888389395 -200 590 1300 0, 
	375.746501815359 215.670430787424 -200 230 600 0, 
	760.360439577209 870.824522461802 -200 290 1600 0, 
	1344 1344 -200 692 2351.35222701075 1];

