waypoint_mat = 
[	-50 -50 -200, 
	42.1675157027649 -11.2037495474037 -200, 
	141.748713950387 -2.06126872610591 -200, 
	241.66508923786 2.02749018250732 -200, 
	295.953396377764 86.0083195894824 -200, 
	338.864407305455 176.33353833355 -200, 
	379.763125072429 267.587551313897 -200, 
	479.197776367438 278.205937341907 -200, 
	561.543633688974 334.943577246835 -200, 
	657.144045502244 364.278901706149 -200, 
	1588 1588 -200];

numi = 4;

numj = 4;

listofblockdims_z = 
[	370 189 220 62, 
	309 216 290 396, 
	10 12 404 31, 
	70 292 220 22];

listofpeakdims = 
[	1.14024897285271 1.11569516144227 1.15712026883848 1.14152423865162, 
	1.16638343206141 1.1338466161862 1.11442034107167 1.18045447776094, 
	1.13200011425652 1.10907666962594 1.14310789771844 1.12593606321607, 
	1.15911969605368 1.1316752779996 1.14260422878433 1.15003659138456];

StreetGap = 172;

waypoint_list = 
[	-50 -50 -200 -1 0 0, 
	42.1675157027649 -11.2037495474037 -200 1 100 0, 
	141.748713950387 -2.06126872610591 -200 2 200 0, 
	39.5426298488845 -5.47902247540312 -200 1 100 0, 
	241.66508923786 2.02749018250732 -200 3 300 0, 
	295.953396377764 86.0083195894824 -200 5 400 0, 
	338.864407305455 176.33353833355 -200 6 500 0, 
	379.763125072429 267.587551313897 -200 7 600 0, 
	370.853378452247 367.189842528328 -200 8 700 0, 
	479.197776367438 278.205937341907 -200 8 700 0, 
	561.543633688974 334.943577246835 -200 10 800 0, 
	339.513955443925 22.6575503420838 -200 5 400 0, 
	317.231939390881 273.965686378776 -200 7 600 0, 
	635.546543130112 402.201063032782 -200 11 900 0, 
	41.5019772226759 -9.65910060074399 -200 1 100 0, 
	701.308111088426 477.536421130185 -200 14 1000 0, 
	747.444347830512 566.257600446503 -200 16 1100 0, 
	333.509842901664 178.687946932807 -200 6 500 0, 
	816.665521354258 638.427047832467 -200 17 1200 0, 
	814.885144924 738.411197875194 -200 19 1300 0, 
	657.144045502244 364.278901706149 -200 11 900 0, 
	1588 1588 -200 21 2437.52597845807 1];

