waypoint_mat = 
[	-50 -50 -200, 
	-9.28256235288691 41.3350440491132 -200, 
	-3.96203033780727 141.193403434177 -200, 
	-0.536841624660459 241.134726630737 -200, 
	86.8729302640179 289.709738502781 -200, 
	151.918675769213 365.664007584074 -200, 
	219.243892615376 439.605303059722 -200, 
	222.835244180121 539.540793221818 -200, 
	241.431092870844 637.796553416688 -200, 
	264.394805002714 735.124185285159 -200, 
	274.091675344199 834.652928397792 -200, 
	332.298449447635 915.966958235647 -200, 
	405.846991755245 983.721012907125 -200, 
	438.966670882356 1078.07718310557 -200, 
	413.696664815514 1174.83164963493 -200, 
	509.087164415044 1204.8425240999 -200, 
	599.717227743688 1247.10588436675 -200, 
	657.051565008512 1329.03740315167 -200, 
	741.629507596686 1382.39067509962 -200, 
	837.799754948919 1354.98112340298 -200, 
	937.516196093953 1347.45574199278 -200, 
	1036.67123894464 1334.48356109374 -200, 
	1136.0791302318 1345.34961602826 -200, 
	1219.79624397426 1290.6555133605 -200, 
	1310.63112025551 1248.83416413585 -200, 
	1362.68117774687 1163.44803226921 -200, 
	1264.84547093203 1142.75565512105 -200, 
	1353.43190280202 1189.15009539728 -200, 
	1439.95372366619 1239.28964579762 -200, 
	1514.23545214608 1306.23906561616 -200, 
	1578.95587828203 1382.47072859672 -200, 
	1920 1920 -200];

numi = 4;

numj = 4;

listofblockdims_z = 
[	487 274 370 398, 
	496 367 448 412, 
	328 317 358 324, 
	535 411 300 496];

listofpeakdims = 
[	1.10207973041106 1.12410935773514 1.18593841250986 1.11832340252586, 
	1.13748502016533 1.1159297893988 1.18006192531902 1.1352510540979, 
	1.16311899605207 1.19061589252669 1.13133737165481 1.19410491886083, 
	1.18969228428323 1.1748769106809 1.17244696023408 1.1512006372679];

StreetGap = 255;

waypoint_list = 
[	-50 -50 -200 -1 0 0, 
	-9.28256235288691 41.3350440491132 -200 1 100 0, 
	-3.96203033780727 141.193403434177 -200 2 200 0, 
	-0.536841624660459 241.134726630737 -200 3 300 0, 
	86.8729302640179 289.709738502781 -200 4 400 0, 
	151.918675769213 365.664007584074 -200 5 500 0, 
	219.243892615376 439.605303059722 -200 6 600 0, 
	-0.892488102588998 241.146281884306 -200 3 300 0, 
	222.835244180121 539.540793221818 -200 7 700 0, 
	316.769049282898 417.495490374508 -200 7 700 0, 
	404.048508024587 368.686719833163 -200 10 800 0, 
	469.802835377042 444.028397770585 -200 11 900 0, 
	241.431092870844 637.796553416688 -200 9 800 0, 
	264.394805002714 735.124185285159 -200 13 900 0, 
	274.091675344199 834.652928397792 -200 14 1000 0, 
	332.298449447635 915.966958235647 -200 15 1100 0, 
	426.23498468058 950.258755336844 -200 16 1200 0, 
	240.998762507521 411.10339739837 -200 6 600 0, 
	39.465799634858 -5.32483132997215 -200 1 100 0, 
	409.165008029247 468.555741194655 -200 11 900 0, 
	405.846991755245 983.721012907125 -200 16 1200 0, 
	366.944227053847 871.779787152704 -200 15 1100 0, 
	241.035912146395 411.030495000376 -200 6 600 0, 
	438.966670882356 1078.07718310557 -200 21 1300 0, 
	293.035831418206 610.757908801066 -200 9 800 0, 
	370.373800435087 823.499300932229 -200 16 1200 0, 
	415.655739002837 432.375765782994 -200 10 800 0, 
	412.899583189404 981.534410516376 -200 24 1400 0, 
	251.60068836597 357.695546963609 -200 6 600 0, 
	569.748727652197 440.739231109706 -200 12 1000 0, 
	353.352732418383 690.519249397466 -200 25 900 0, 
	262.429276811095 835.104866913801 -200 14 1000 0, 
	669.743990996816 441.712528926559 -200 30 1100 0, 
	404.235718331002 852.70860269688 -200 17 1300 0, 
	769.428330703819 449.651824687439 -200 33 1200 0, 
	469.784435029976 982.94430018414 -200 24 1400 0, 
	316.286215333013 817.25724058506 -200 16 1200 0, 
	413.696664815514 1174.83164963493 -200 24 1400 0, 
	434.086679185286 1076.9324805169 -200 38 1500 0, 
	390.138696975707 1082.47955418391 -200 21 1300 0, 
	273.904378411142 732.377131371246 -200 13 900 0, 
	74.0453423450283 307.749273347738 -200 4 400 0, 
	360.062441820494 762.993934763893 -200 34 1400 0, 
	865.554956286985 477.213969995703 -200 35 1300 0, 
	869.427270416766 449.191328991064 -200 35 1300 0, 
	509.087164415044 1204.8425240999 -200 38 1500 0, 
	599.717227743688 1247.10588436675 -200 46 1600 0, 
	373.201377473018 1266.26540545327 -200 38 1500 0, 
	556.788002800524 1337.42244788519 -200 47 1700 0, 
	411.683197986732 771.744595112825 -200 31 1000 0, 
	417.880300419069 753.64384922905 -200 34 1400 0, 
	394.050167422456 726.342573701021 -200 26 1300 0, 
	209.950118900451 539.172495297606 -200 7 700 0, 
	405.13713345028 964.198951296259 -200 22 1200 0, 
	310.877774365375 399.564926994715 -200 7 700 0, 
	323.830034397049 1015.60774278962 -200 16 1200 0, 
	45.645749044814 -20.8128334767407 -200 1 100 0, 
	246.689486947075 397.577850171423 -200 6 600 0, 
	340.916971469632 1114.13711192125 -200 56 1300 0, 
	311.493465693724 818.155135581126 -200 16 1200 0, 
	345.024015293036 861.856696851436 -200 43 1500 0, 
	454.80305486042 1083.67099640408 -200 38 1500 0, 
	410.924101585223 871.741713934585 -200 50 1100 0, 
	468.467731962023 667.383129490069 -200 51 1500 0, 
	775.88451950617 549.443195186839 -200 35 1300 0, 
	769.253144845839 431.816656036743 -200 33 1200 0, 
	409.851611037507 1074.90559917038 -200 38 1500 0, 
	363.750962955449 971.728789470876 -200 22 1200 0, 
	657.051565008512 1329.03740315167 -200 47 1700 0, 
	741.629507596686 1382.39067509962 -200 69 1800 0, 
	343.030684541936 1361.60547723874 -200 48 1600 0, 
	875.845815931587 546.661250372515 -200 65 1400 0, 
	840.740767000898 1395.69324099162 -200 70 1900 0, 
	604.945310454305 1233.32437512675 -200 46 1600 0, 
	175.388288166472 336.239636583483 -200 5 500 0, 
	204.142940106361 538.45853382797 -200 7 700 0, 
	435.381023280064 1399.9645040115 -200 71 1700 0, 
	357.438192482697 1176.9818134474 -200 40 1400 0, 
	875.301890255423 560.222174419846 -200 65 1400 0, 
	369.808221623649 480.356030378316 -200 55 800 0, 
	403.412463793614 964.892985514119 -200 22 1200 0, 
	444.638786558759 761.23405936496 -200 34 1400 0, 
	376.354351538425 1082.06553707697 -200 38 1500 0, 
	417.072843153506 1428.81975212243 -200 71 1700 0, 
	568.184781856134 659.865818773108 -200 64 1600 0, 
	491.806436276092 900.992858501246 -200 34 1400 0, 
	391.254609421621 1027.73038645723 -200 59 1400 0, 
	569.751618349385 440.828275531145 -200 12 1000 0, 
	318.950673681986 1015.07213914013 -200 16 1200 0, 
	856.398735051245 490.135007765865 -200 65 1400 0, 
	549.861591346332 1296.15214083562 -200 46 1600 0, 
	390.960101260901 1449.37090900422 -200 71 1700 0, 
	343.966299236003 576.959317316758 -200 80 900 0, 
	395.839709986461 975.892132263417 -200 67 1600 0, 
	450.296400312863 665.985084338006 -200 31 1000 0, 
	340.873097012696 1214.13710229641 -200 59 1400 0, 
	428.641880872447 1070.35915076811 -200 94 1700 0, 
	667.779682809938 668.857798755405 -200 85 1700 0, 
	344.140364412651 1114.19049172988 -200 96 1500 0, 
	516.959081502158 740.101503084845 -200 51 1500 0, 
	828.158731929919 1432.51744774946 -200 70 1900 0, 
	438.798566992522 1331.20831363456 -200 84 1800 0, 
	427.143618651193 970.417583660404 -200 63 1200 0, 
	518.875426286237 1105.32272742838 -200 46 1600 0, 
	337.699703698905 408.55770931146 -200 29 700 0, 
	294.78845155554 505.126441744394 -200 7 700 0, 
	406.353799863769 1264.20144056504 -200 78 1500 0, 
	837.799754948919 1354.98112340298 -200 70 1900 0, 
	937.516196093953 1347.45574199278 -200 108 2000 0, 
	140.721787817065 382.276125013527 -200 42 500 0, 
	130.589489426023 390.228115670377 -200 42 500 0, 
	487.208022318523 1323.04525681821 -200 107 1600 0, 
	427.447655703173 364.452096164837 -200 105 800 0, 
	527.790288786203 1303.07792066731 -200 46 1600 0, 
	449.707796840701 1231.80515118929 -200 102 1900 0, 
	687.781690286766 1294.48362636655 -200 47 1700 0, 
	883.755940524978 1443.79569995041 -200 108 2000 0, 
	969.413935194256 447.558274590881 -200 45 1400 0, 
	623.814775127109 1234.7224213175 -200 69 1800 0, 
	244.525328290904 637.160157342197 -200 9 800 0, 
	764.370669846519 409.373826882797 -200 33 1200 0, 
	456.946220335728 1186.88900239282 -200 78 1500 0, 
	307.570434670603 826.539738896393 -200 41 1000 0, 
	748.42580870297 1373.99646118912 -200 116 1800 0, 
	441.553301034502 1132.13818475534 -200 115 2000 0, 
	452.347918609879 680.386067888261 -200 50 1100 0, 
	200.283570671568 537.791382479298 -200 7 700 0, 
	499.881848890377 433.396186972671 -200 113 900 0, 
	664.267351509453 632.150483508761 -200 85 1700 0, 
	81.5500533323603 298.246386353731 -200 4 400 0, 
	510.772477107791 716.616244526188 -200 51 1500 0, 
	39.4098535386839 332.809486218788 -200 4 400 0, 
	429.969170006133 370.004556556085 -200 105 800 0, 
	550.190607261282 1160.2317578181 -200 47 1700 0, 
	388.205053930858 952.053137480537 -200 61 1600 0, 
	366.606368930453 854.41351024726 -200 135 1700 0, 
	422.211487975951 1272.30982920094 -200 96 1500 0, 
	351.98954174276 985.079166675657 -200 83 1600 0, 
	405.656503336808 871.562824668336 -200 50 1100 0, 
	355.545165933975 674.629561615873 -200 41 1000 0, 
	676.921696008677 1310.66270996338 -200 47 1700 0, 
	481.05953175865 1283.93820750147 -200 122 1600 0, 
	489.514338855201 1240.03655975075 -200 38 1500 0, 
	466.183479618714 1362.12332457312 -200 137 1600 0, 
	645.752152639201 538.791835126295 -200 33 1200 0, 
	862.272157428156 395.108846265377 -200 66 1300 0, 
	776.897542295428 1339.85283311264 -200 116 1800 0, 
	316.772126113869 957.782870327751 -200 61 1600 0, 
	710.00300534553 1285.4332581457 -200 119 1900 0, 
	710.097085538489 1285.27301884191 -200 119 1900 0, 
	843.581898876951 1414.37260624239 -200 147 1900 0, 
	298.805735936999 554.919807725389 -200 127 800 0, 
	281.099196651919 518.179607781729 -200 7 700 0, 
	769.354006232743 649.229729330407 -200 65 1400 0, 
	848.425802303998 1374.03223540326 -200 124 1900 0, 
	411.483549739589 1049.16474690046 -200 17 1300 0, 
	425.581491765698 1160.99119127431 -200 96 1500 0, 
	320.759448094479 674.229261596043 -200 93 1000 0, 
	648.419004387606 1406.51466127557 -200 141 1800 0, 
	268.443288692995 734.257691657977 -200 120 900 0, 
	722.367849286223 1251.6720990073 -200 119 1900 0, 
	65.0160469161917 316.651736661264 -200 4 400 0, 
	787.004883821262 1306.9237977808 -200 116 1800 0, 
	816.260910844924 1286.08275129891 -200 161 2000 0, 
	1036.67123894464 1334.48356109374 -200 109 2100 0, 
	436.760386448017 745.684122725271 -200 31 1000 0, 
	468.448380777426 1360.97859339705 -200 137 1600 0, 
	474.096250204488 1285.40740917806 -200 122 1600 0, 
	322.911742640841 917.501111602095 -200 60 1300 0, 
	875.874289331787 548.012835015378 -200 65 1400 0, 
	837.599819055106 1351.54445810314 -200 109 2100 0, 
	393.199970963217 943.58127612072 -200 56 1300 0, 
	710.731326975608 720.700463654894 -200 129 1800 0, 
	43.2576598088864 331.034902627156 -200 4 400 0, 
	625.128180954855 724.172901040024 -200 129 1800 0, 
	466.080099598263 992.21123978491 -200 67 1600 0, 
	875.125793335617 561.738298631249 -200 65 1400 0, 
	350.637086807123 886.691667815598 -200 94 1700 0, 
	835.655637076041 574.369234090802 -200 154 1500 0, 
	347.643434854006 817.151314621499 -200 16 1200 0, 
	1136.0791302318 1345.34961602826 -200 165 2200 0, 
	427.950542508967 949.855950134719 -200 34 1400 0, 
	380.177467576347 613.045888704705 -200 152 900 0, 
	413.682309596934 648.650864233773 -200 93 1000 0, 
	418.761850932014 705.302299653012 -200 183 1000 0, 
	449.037486689039 639.144551261751 -200 140 1100 0, 
	380.829143663126 556.087204117496 -200 106 800 0, 
	899.02874238526 657.36658490243 -200 79 1500 0, 
	860.011042923398 438.578604535014 -200 121 1300 0, 
	1219.79624397426 1290.6555133605 -200 181 2300 0, 
	343.280647423359 804.397498615134 -200 41 1000 0, 
	763.634061171832 407.293715429715 -200 33 1200 0, 
	713.333354092489 771.288157929486 -200 175 1900 0, 
	489.904205724752 713.382792605173 -200 184 1100 0, 
	402.428620387616 1258.27399832134 -200 157 1600 0, 
	1235.09197562775 1359.36590821269 -200 181 2300 0, 
	339.16536440633 808.146542791264 -200 41 1000 0, 
	806.18128924038 734.149755449398 -200 193 2000 0, 
	855.586320608129 1401.56244474369 -200 147 1900 0, 
	1069.38342645676 445.088291450051 -200 118 1500 0, 
	1310.63112025551 1248.83416413585 -200 190 2400 0, 
	1325.95996089995 1347.65231350376 -200 201 2500 0, 
	642.578155238855 1258.6869732801 -200 91 1700 0, 
	997.200992892314 676.398380150915 -200 188 1600 0, 
	681.988198114839 498.172162823334 -200 35 1300 0, 
	668.150992398472 662.465193660452 -200 85 1700 0, 
	1168.06224145435 428.886702926984 -200 200 1600 0, 
	1266.03655786112 448.912519380428 -200 207 1700 0, 
	775.691234577046 1326.30170772511 -200 141 1800 0, 
	393.964129548263 567.393655445242 -200 20 1000 0, 
	498.105547178175 824.657353981128 -200 166 1100 0, 
	418.733442645066 1328.83354102645 -200 84 1800 0, 
	780.136813900641 1269.70312967662 -200 171 2200 0, 
	993.041504151943 691.448847518064 -200 188 1600 0, 
	664.936368824809 634.584789936391 -200 85 1700 0, 
	452.312108787754 682.303332617266 -200 183 1000 0, 
	1326.7810697558 528.348684158676 -200 208 1800 0, 
	643.132134110009 822.538838593564 -200 175 1900 0, 
	409.121671039316 1158.49823436549 -200 195 1700 0, 
	394.835282892247 1079.88928357701 -200 28 1500 0, 
	858.221200544709 1332.17575217976 -200 213 2300 0, 
	621.662459680817 1337.54552185353 -200 114 1700 0, 
	714.572984154016 592.714384707427 -200 205 1400 0, 
	875.44287498686 1299.98108733941 -200 213 2300 0, 
	444.982267845264 801.803541805097 -200 185 1100 0, 
	1128.33240177931 1294.50567686011 -200 165 2200 0, 
	381.361017137478 723.007145152767 -200 180 1300 0, 
	827.546493905332 1296.56750690869 -200 73 2000 0, 
	348.936993142393 986.67721517886 -200 178 1800 0, 
	809.835768468533 734.053728288512 -200 173 1900 0, 
	637.222484095461 788.497587623554 -200 173 1900 0, 
	897.952878827835 664.158614849073 -200 204 1700 0, 
	422.649432531609 1260.94819717508 -200 157 1600 0, 
	1186.93100002286 1375.53779570129 -200 226 2300 0, 
	475.552127417459 1285.14285840706 -200 122 1600 0, 
	1362.68117774687 1163.44803226921 -200 201 2500 0, 
	1308.24832342369 1348.80577150143 -200 201 2500 0, 
	1264.84547093203 1142.75565512105 -200 236 2600 0, 
	1131.78430235369 1365.36244010427 -200 165 2200 0, 
	1173.23740924047 1274.35892407641 -200 239 2300 0, 
	1314.38419803654 1323.10730755301 -200 190 2400 0, 
	99.8599265539648 404.359869257916 -200 42 500 0, 
	436.240126516211 1371.32092605734 -200 137 1600 0, 
	1363.12722685909 424.966705685197 -200 208 1800 0, 
	656.261149930165 1347.67393558819 -200 49 1800 0, 
	856.439376930817 400.366148933897 -200 35 1300 0, 
	701.923192973525 523.428896871241 -200 35 1300 0, 
	1351.98238795689 1093.69286177004 -200 238 2700 0, 
	878.62505504078 1446.26800566111 -200 108 2000 0, 
	434.899371722375 988.265767020337 -200 220 1600 0, 
	871.747689915653 520.978259581037 -200 65 1400 0, 
	355.72918704532 953.82018464208 -200 136 1800 0, 
	1228.20658548892 1299.52039802275 -200 226 2300 0, 
	1404.28012861402 1213.76475818894 -200 201 2500 0, 
	1363.53958698973 471.119709899391 -200 208 1800 0, 
	1136.63239117895 1331.69644000032 -200 165 2200 0, 
	418.35129123244 971.465516779966 -200 63 1200 0, 
	704.892490172069 1392.97802156647 -200 222 1800 0, 
	686.691129162255 594.659775320214 -200 65 1400 0, 
	1200.30153810046 1192.57413672408 -200 190 2400 0, 
	1353.43190280202 1189.15009539728 -200 238 2700 0, 
	297.065103911709 502.40545490963 -200 7 700 0, 
	1036.76154617844 781.385257971234 -200 214 1700 0, 
	1192.58051446814 1444.75904325916 -200 239 2300 0, 
	1192.55433950018 1211.84973819842 -200 238 2700 0, 
	762.692970781294 1201.64060662376 -200 164 2100 0, 
	491.530923198892 774.291835138965 -200 216 1100 0, 
	421.710859319505 979.577249261388 -200 24 1400 0, 
	646.538988716369 1321.71541210039 -200 91 1700 0, 
	311.748567708686 601.321560225817 -200 262 800 0, 
	1439.95372366619 1239.28964579762 -200 261 2800 0, 
	694.082381558932 1269.97236244592 -200 163 1900 0, 
	1435.37995144332 1094.78298801064 -200 236 2600 0, 
	1352.2286934668 1191.28632219899 -200 271 2900 0, 
	1396.71010029009 1099.00023337752 -200 261 2800 0, 
	982.353830713487 602.077077262253 -200 188 1600 0, 
	280.207264638647 934.465751058919 -200 15 1100 0, 
	1288.46755086226 1096.42312954916 -200 236 2600 0, 
	1036.39392431383 1255.16973450037 -200 226 2300 0, 
	1077.5424840039 744.923929603642 -200 214 1700 0, 
	491.334793754155 1079.38626804647 -200 134 1800 0, 
	406.484445536215 913.604824378852 -200 148 1700 0, 
	785.708831619879 468.839825102044 -200 247 1400 0, 
	454.588073310594 1256.6918612149 -200 157 1600 0, 
	449.328986660948 918.619651806422 -200 252 1900 0, 
	870.40244135706 810.802502437397 -200 198 2100 0, 
	845.68096801333 1257.43480269661 -200 266 2200 0, 
	1384.84413400979 1115.67173033403 -200 254 2600 0, 
	566.830172494441 685.406178413783 -200 64 1600 0, 
	1136.32559744075 1251.47369526168 -200 279 2400 0, 
	874.420337983718 1303.02905181653 -200 213 2300 0, 
	954.506202800166 356.471029630453 -200 146 1400 0, 
	1105.29925412245 708.566423939222 -200 263 1800 0, 
	501.8008454874 1105.10832958024 -200 46 1600 0, 
	783.868137255312 700.402021314675 -200 193 2000 0, 
	363.630185031434 1010.93180618112 -200 16 1200 0, 
	415.142179119788 802.174189707075 -200 37 1300 0, 
	1046.56517000323 395.524154441482 -200 292 1500 0, 
	759.02021278996 422.938398668843 -200 246 1400 0, 
	825.74048479681 568.946231823034 -200 44 1400 0, 
	1185.7603965118 1258.56383504534 -200 181 2300 0, 
	1213.98344977243 1308.41246061673 -200 239 2300 0, 
	502.44390522298 1105.06343256612 -200 46 1600 0, 
	937.375685104472 756.059878960481 -200 232 1800 0, 
	266.148906968896 621.88704189999 -200 53 800 0, 
	1136.6580881074 1332.86183531422 -200 165 2200 0, 
	861.44390255215 393.075667490549 -200 66 1300 0, 
	1123.62149891982 1304.07116830712 -200 279 2400 0, 
	1224.1381652231 1198.64483529236 -200 201 2500 0, 
	72.2107006609236 397.809313649379 -200 130 500 0, 
	1336.41241625537 1252.85378415897 -200 237 2600 0, 
	857.343585467848 372.386337180776 -200 192 1300 0, 
	951.157520196338 365.567846953308 -200 298 1600 0, 
	261.721028618392 595.951146107356 -200 262 800 0, 
	245.463517157382 694.620763118345 -200 314 900 0, 
	404.072362449331 639.744430039083 -200 270 900 0, 
	1041.86236937284 1311.83541048426 -200 181 2300 0, 
	1514.23545214608 1306.23906561616 -200 271 2900 0, 
	254.923774784666 396.854043851121 -200 75 600 0, 
	347.798151734597 592.686314801157 -200 153 800 0, 
	448.846185432188 1087.2175950858 -200 122 1600 0, 
	1267.97958655498 432.951693461194 -200 207 1700 0, 
	418.052699218132 1034.93879322294 -200 125 2100 0, 
	1248.14443129256 1205.85630730536 -200 311 2700 0, 
	354.090508262781 1313.25975379367 -200 96 1500 0, 
	982.316083798144 775.451502449405 -200 280 1800 0, 
	385.177704580729 1022.99873381323 -200 99 1600 0, 
	1168.31732331431 430.525185580107 -200 200 1600 0, 
	703.12785453431 661.594542788162 -200 175 1900 0, 
	292.839050041796 835.266769221761 -200 277 1200 0, 
	857.729995567132 1232.75272516069 -200 266 2200 0, 
	394.719377696073 847.883079087055 -200 82 1500 0, 
	1266.07681467455 409.058857949196 -200 207 1700 0, 
	419.046037260894 957.134349849427 -200 22 1200 0, 
	1169.15113887103 438.276275623256 -200 200 1600 0, 
	1188.29062292519 652.777243050386 -200 293 1900 0, 
	1064.37747207437 1223.50973036603 -200 308 2500 0, 
	1131.760266864 1325.94212438005 -200 253 2400 0, 
	599.744828121755 428.163082823742 -200 128 1000 0, 
	1333.98982376567 1185.46088934638 -200 278 2700 0, 
	1324.66899383383 1273.15747374832 -200 253 2400 0, 
	463.015804938886 1124.26023031362 -200 323 2200 0, 
	1578.95587828203 1382.47072859672 -200 318 3000 0, 
	1920 1920 -200 343 3636.59155710214 1];

