waypoint_mat = 
[	-50 -50 -200, 
	45.8237899846447 -21.4027750825591 -200, 
	144.088486234477 -2.85420449266545 -200, 
	243.948977011458 2.42617255640299 -200, 
	328.048593388883 56.5302807661317 -200, 
	1474 1474 -200];

numi = 3;

numj = 3;

listofblockdims_z = 
[	345 257 357, 
	259 334 334, 
	265 288 167];

listofpeakdims = 
[	1.10213765364606 1.19644572387915 1.16393201765604, 
	1.1164201553911 1.17905115932226 1.19083131493535, 
	1.15434058115352 1.14474015617743 1.11598594901152];

StreetGap = 258;

waypoint_list = 
[	-50 -50 -200 -1 0 0, 
	43.776154553258 -15.2720165111266 -200 1 100 0, 
	142.937284713874 -2.34645016881879 -200 2 200 0, 
	43.7588674636121 -15.225371721026 -200 1 100 0, 
	45.8237899846447 -21.4027750825591 -200 1 100 0, 
	144.088486234477 -2.85420449266545 -200 5 200 0, 
	243.948977011458 2.42617255640299 -200 6 300 0, 
	279.945997331787 95.7225525936683 -200 7 400 0, 
	-11.7643450219734 42.4014863971425 -200 1 100 0, 
	328.048593388883 56.5302807661317 -200 7 400 0, 
	1474 1474 -200 10 2222.75204876004 1];

