waypoint_mat = 
[	-50 -50 -200, 
	-10.3340023126367 41.7965610873636 -200, 
	-4.06378626285154 141.599789445413 -200, 
	1.09398537632225 241.466687823796 -200, 
	886 886 -200];

numi = 2;

numj = 2;

listofblockdims_z = [228 188, 306 166];

listofpeakdims = [1.11423672882374 1.17465995086823, 1.16515924106352 1.16316304802895];

StreetGap = 193;

waypoint_list = 
[	-50 -50 -200 -1 0 0, 
	45.5003512262437 -20.3405509885281 -200 1 100 0, 
	41.5232453979945 -9.70737596260984 -200 1 100 0, 
	48.8179221187845 -34.669694454257 -200 1 100 0, 
	45.7267759296607 -21.0796893150759 -200 1 100 0, 
	45.1437077731587 -19.2156716627473 -200 1 100 0, 
	146.62163982517 -13.8266427868624 -200 4 200 0, 
	41.2159962262186 -9.01656392567274 -200 1 100 0, 
	49.7770641488252 -43.3263600755494 -200 1 100 0, 
	49.2596871351969 -37.8544448532466 -200 1 100 0, 
	146.221085888578 -12.0284999708634 -200 4 200 0, 
	146.904691898016 -15.2021421100097 -200 4 200 0, 
	-10.3340023126367 41.7965610873636 -200 1 100 0, 
	-6.92724724944454 141.738514339936 -200 13 200 0, 
	43.8113717026031 -15.3672620303269 -200 1 100 0, 
	-4.06378626285154 141.599789445413 -200 13 200 0, 
	45.2713160905584 -19.6128920367055 -200 1 100 0, 
	48.0097304662355 -30.1482309620562 -200 1 100 0, 
	42.9228256912885 -13.0493780086666 -200 1 100 0, 
	146.297369503322 -11.7216194310266 -200 18 200 0, 
	1.09398537632225 241.466687823796 -200 16 300 0, 
	886 886 -200 21 1394.75195602565 1];

